-1 0 2
-1 8 2
-1 14 0.5
-1 42 2
10 0 29
10 1 11
10 2 2
10 3 2
10 4 7
10 5 0.5
10 6 2
10 10 2
10 11 2
10 12 4
10 13 0.5
10 15 0.5
10 17 2
100490 0 2
100490 4 2
100490 14 2
101 0 53
101 1 16
101 4 6
101 5 4
101 6 16
101 7 8
101 9 2
101 10 2
101 11 2
101 12 10
101 13 12
101 14 4
101 15 4
101 16 2
101 18 2
101 20 2
101 22 2
101 23 2
101 24 8
101 26 2
101 30 2
101 31 2
101 32 2
101 33 2
101 34 2
101 35 2
101 36 2
101 40 2
101 41 4
101 45 2
101 48 2
101 49 2
101 50 0.5
101 57 2
101 58 2
101 62 2
101 63 2
101 65 2
101 66 2
10139 0 0.5
10139 6 2.5
10139 7 2
10139 20 2
10139 27 0.5
10139 46 0.5
10139 49 0.5
10155 0 2.5
10155 9 2.5
10167 0 2.5
10167 58 0.5
101825 0 0.5
101825 4 0.5
102178 12 0.5
102178 13 0.5
102178 41 0.5
1042 0 4
1042 1 2
1042 4 2
1042 12 2
1042 13 2
1042 14 2
1042 24 2
1042 33 2
1042 69 2
104232 0 0.5
104232 4 0.5
104232 12 0.5
104232 58 0.5
104232 82 0.5
104492 20 0.5
104492 68 0.5
10493 6 0.5
10520 0 0.5
10520 11 0.5
105227 0 0.5
105227 6 0.5
1060 6 0.5
1060 23 0.5
106137 0 0.5
106137 12 0.5
10639 0 2
106452 0 0.5
106452 1 0.5
10733 0 2.5
10733 6 1
10733 9 1
10733 75 2
108753 0 0.5
108753 6 0.5
109099 6 0.5
109099 37 0.5
109099 68 0.5
109103 6 0.5
109103 13 0.5
10998 4 2
10998 20 2
110485 20 0.5
110485 52 0.5
11105 0 1
11105 20 2
1121 20 2
1121 74 2
11241 0 3.5
11241 19 1.5
112471 6 0.5
112840 0 3
112840 1 0.5
112840 4 2
112840 6 1
112840 12 0.5
112840 20 0.5
112840 28 2
112840 58 0.5
11297 0 2
11297 4 2
11297 6 0.5
11297 14 2
11297 20 0.5
11297 41 0.5
11297 75 0.5
11297 86 0.5
115 0 23.5
115 1 2
115 2 4
115 3 4.5
115 4 2
115 8 2
115 10 0.5
115 13 1
115 14 2
115 22 2
115 24 6.5
115 25 2
115 26 2
115 27 2
115 30 2
115 31 0.5
115 35 0.5
115 40 0.5
115 44 2
115 45 2
115166 0 0.5
11533 0 0.5
116 0 2.5
116 13 2
116 19 2
116 25 0.5
116 37 0.5
116 61 2
116 71 2
116 86 0.5
11610 0 4
11610 6 1.5
11610 15 0.5
11610 19 4
11610 20 0.5
11610 71 2
116161 0 0.5
116161 12 0.5
116161 22 0.5
116161 69 0.5
1174 0 4
1174 5 2
1174 8 2
1174 20 2
1174 25 2
1174 45 2
11791 0 12
11791 1 2
11791 8 2
11791 12 2
11791 19 2
11791 20 2
11791 25 2
118 0 2
118 5 2
1186 6 0.5
1186 13 0.5
11890 6 0.5
11890 12 0.5
11890 58 0.5
119060 6 0.5
119060 67 0.5
119060 77 0.5
119271 0 2
119271 12 2
119271 63 2
119271 100 2
119461 0 0.5
119461 58 0.5
119461 63 0.5
119675 4 0.5
119675 12 0.5
119675 20 1
119675 43 0.5
120 0 2.5
120 1 0.5
120 57 1
120988 6 0.5
120988 9 0.5
121023 0 4
121023 1 2
121023 6 7.5
121023 7 0.5
121023 8 0.5
121023 12 0.5
121023 20 2
121023 25 3.5
121023 37 1
121023 41 1.5
121023 43 0.5
121023 58 3
121023 68 0.5
121023 69 0.5
121023 75 1
121023 81 0.5
121023 82 0.5
121949 1 0.5
121949 20 0.5
121968 0 4
121968 1 2
121968 42 2
122324 0 2
122324 58 2
12285 0 2.5
12285 1 0.5
12285 13 3.5
12285 15 3.5
12285 18 0.5
12285 19 2
12285 20 1.5
12285 24 0.5
12285 41 0.5
12285 43 0.5
12285 46 0.5
12285 67 0.5
12285 68 1
12285 74 0.5
12285 77 0.5
12285 81 0.5
123843 0 0.5
123843 6 0.5
123918 0 2
123918 2 2
123918 19 2
124002 0 0.5
124002 20 0.5
12418 0 2.5
12418 9 2
12493 6 0.5
12493 13 0.5
12493 24 0.5
12493 62 0.5
12493 65 0.5
12544 13 0.5
12544 14 0.5
12544 24 0.5
125714 0 0.5
125714 12 0.5
125714 69 0.5
1267 0 2.5
1267 4 0.5
1267 12 0.5
1267 64 2
128 0 1
128 12 1
128 46 0.5
128 70 0.5
128719 0 0.5
13 0 133.5
13 1 6.5
13 3 4
13 4 14.5
13 5 12.5
13 6 34
13 7 2
13 8 4
13 9 2
13 10 2
13 12 6
13 13 7
13 14 5
13 15 6
13 18 2
13 19 14
13 20 12.5
13 23 4
13 24 7
13 25 4
13 26 0.5
13 27 2.5
13 28 2
13 29 2
13 30 2.5
13 31 4
13 32 0.5
13 33 0.5
13 37 2
13 39 2
13 41 4
13 45 3
13 47 6
13 51 6.5
13 52 4
13 53 2
13 56 4.5
13 60 2
13 64 2.5
13 65 4
13 67 2
13 69 4
13 70 2
13 71 2
13 78 2
13 85 2
131037 0 0.5
131037 89 0.5
131037 90 0.5
13125 0 8.5
13125 6 2
13125 14 2.5
13125 19 9
13125 32 2.5
13125 71 2.5
132 0 0.5
13247 0 4.5
13247 4 0.5
13247 6 0.5
13247 20 1
13247 49 0.5
13280 0 2
13280 23 2
133 0 0.5
1337 6 0.5
13414 0 10.5
13414 1 2
13414 7 0.5
13414 12 2
13414 13 0.5
13414 14 2
13414 15 0.5
13414 19 4
13414 20 2
13414 41 2
13414 64 0.5
13414 69 2
1342 6 0.5
1342 85 0.5
1346 0 80
1346 1 7
1346 4 2
1346 5 2
1346 6 4
1346 8 4
1346 9 2
1346 12 2
1346 13 12.5
1346 14 13
1346 15 4
1346 18 2
1346 20 18
1346 22 2
1346 23 2
1346 24 7.5
1346 28 4
1346 31 2
1346 35 6
1346 38 3
1346 41 2
1346 42 6
1346 45 4
1346 48 0.5
1346 51 16
1346 55 2
1346 56 2
1346 58 2
1346 60 2
1346 64 3
1346 65 4
1346 68 4
1346 70 0.5
1346 71 2
1346 72 4
1346 73 2
1346 80 4
1346 82 2
13490 1 0.5
13490 20 0.5
13490 35 0.5
135441 0 2
135441 1 0.5
135441 8 0.5
135441 12 1
135441 25 0.5
135441 37 0.5
135441 41 0.5
135441 46 1
135441 60 0.5
135441 68 0.5
135672 0 0.5
135704 0 0.5
135704 22 0.5
136995 6 0.5
136995 7 0.5
136995 13 0.5
136995 15 0.5
136995 93 0.5
138476 1 2
138476 20 2
139 0 2
139 5 2
14 0 2
14 5 2
14 20 2
14 41 2
1407 0 8
1407 4 2
1407 16 2
1423 0 0.5
1423 1 0.5
1423 11 0.5
1423 12 0.5
142445 0 0.5
142865 0 0.5
142865 1 0.5
14322 0 2
14322 15 2
14322 20 2
14322 31 4
14322 76 2
143445 0 2
143445 1 2
143445 70 2
143535 0 2
144 0 3
144 1 2.5
144 24 0.5
144 38 0.5
1451 0 2
1451 1 2
1451 6 2
1451 14 2
1453 0 3
1453 1 2.5
1453 4 0.5
1453 6 3
1453 12 0.5
1453 13 2
1453 15 2
1453 48 2
1453 69 2
145449 0 0.5
145449 37 0.5
145472 0 0.5
145472 4 0.5
14601 6 0.5
14601 7 0.5
14601 9 0.5
14601 46 0.5
1475 0 2
1475 1 1
1475 6 0.5
1475 14 0.5
1475 20 0.5
1475 24 2
149206 6 0.5
149206 13 0.5
149206 14 0.5
14938 0 2
14938 4 2
14938 12 2
14938 69 2
15 0 13.5
15 1 4
15 4 2
15 5 4
15 8 0.5
15 12 2
15 13 2
15 14 2.5
15 19 4
15 24 4
15 41 2
150 0 19.5
150 1 6
150 2 2
150 3 2
150 4 6.5
150 5 9
150 6 2
150 11 2
150 16 0.5
150 19 2
150 22 2
150 24 2
150109 1 0.5
150109 6 0.5
150109 20 0.5
150109 82 0.5
15027 6 0.5
15048 0 0.5
15048 4 0.5
150754 6 0.5
150754 52 0.5
150754 70 0.5
151730 0 2
151730 4 2
15184 0 1
15184 1 1
15184 92 0.5
1521 0 42.5
1521 28 2
1521 42 40.5
1526 0 2
152723 0 0.5
152723 1 0.5
152723 6 1.5
152723 7 0.5
152723 41 0.5
152723 66 0.5
152792 0 1
152792 4 0.5
153510 0 3
153510 4 1
153510 6 0.5
1546 0 2
1546 1 2
1546 14 2
154794 0 3.5
154794 1 5.5
154794 4 0.5
154794 13 0.5
154794 20 3
154794 22 0.5
154794 24 0.5
154794 64 0.5
154794 82 0.5
155 0 3
155 4 1
155 8 2
155 9 2
15549 0 0.5
15565 0 0.5
15589 20 0.5
15589 74 0.5
156681 0 0.5
156681 20 0.5
156885 0 2
157165 0 2
157165 4 2
157165 28 2
157838 20 0.5
158 13 4
158 14 2
158 15 2
158 24 2
158 39 2
15819 0 0.5
15819 1 1
15819 6 0.5
15819 14 0.5
158700 0 0.5
158700 4 0.5
158700 58 0.5
158700 82 0.5
160494 0 2
160494 1 2
16258 20 0.5
16258 75 0.5
16258 84 0.5
1629 0 7.5
1629 9 0.5
1629 13 0.5
1629 14 0.5
1629 20 0.5
1629 28 2
1629 37 0.5
1629 60 0.5
1629 73 0.5
1629 82 0.5
1629 83 0.5
162909 0 1.5
162909 1 0.5
162909 4 0.5
162909 6 2.5
162909 7 1
162909 12 0.5
162909 24 0.5
162909 37 0.5
162909 41 0.5
162909 46 0.5
162909 59 0.5
162909 68 0.5
162909 69 0.5
16302 0 0.5
16302 12 0.5
1634 0 2
1634 24 2
164512 0 0.5
16463 0 1.5
16463 6 0.5
1649 6 0.5
16529 0 2
16529 6 0.5
166523 0 2
166523 4 2
1672 24 2
1674 13 0.5
1674 24 0.5
1674 40 0.5
168832 0 29
168832 6 1
168832 13 0.5
168832 18 0.5
168832 19 4.5
168832 24 0.5
168832 37 2
168832 42 8
168832 68 2
168832 73 0.5
1695 0 4.5
1695 80 2
17 0 24.5
17 1 8.5
17 2 2
17 3 2
17 4 2
17 5 0.5
17 6 4
17 10 2
17 12 2
17 13 2
17 14 4
17 15 2
17 18 0.5
17 19 0.5
17 23 2
1700 0 2
1700 69 2
17128 0 2
17128 6 2
17128 24 2
171366 0 0.5
171366 1 0.5
17156 0 0.5
17358 13 6
17358 14 6
17358 24 6
174099 0 2
174099 37 2
174099 86 2
174984 0 0.5
174984 7 0.5
174984 68 0.5
17580 0 0.5
17580 69 0.5
175990 0 0.5
175990 71 0.5
178121 0 2
17832 0 0.5
17832 22 0.5
17832 71 0.5
178418 0 3.5
178418 12 0.5
178418 37 0.5
178418 58 0.5
178418 86 0.5
178418 91 0.5
180636 0 0.5
180636 6 2
180636 20 0.5
180636 65 2
180636 70 0.5
181 0 4
181 6 1
181 19 2
181 73 0.5
181 75 0.5
181868 0 1.5
181868 68 0.5
181868 95 0.5
181868 96 0.5
183458 6 0.5
183458 41 0.5
18387 0 4.5
18387 4 0.5
18387 23 0.5
18387 41 0.5
18387 46 3
18387 69 2.5
184907 0 0.5
184907 12 0.5
184917 0 0.5
184917 6 0.5
184917 37 0.5
18575 0 1.5
18575 9 0.5
18575 13 0.5
18575 20 0.5
18575 48 0.5
18575 65 0.5
1860 20 2
1876 0 2
1876 13 0.5
1876 14 0.5
1876 24 0.5
18917 0 7.5
18917 1 2
18917 20 0.5
18917 28 2
18917 63 2
18917 73 0.5
18917 82 2
19 0 4
19 1 4
191144 0 0.5
191144 46 0.5
191432 0 6.5
191432 1 0.5
191432 4 3
191432 8 0.5
191432 42 2.5
1916 0 2
1916 2 2
1916 6 0.5
1916 14 2
1916 15 0.5
1916 44 2
1922 0 0.5
1922 10 0.5
1922 12 0.5
192780 0 0.5
193271 0 1.5
193271 7 0.5
193271 9 0.5
193271 68 0.5
193271 69 0.5
1941 0 0.5
1941 12 0.5
19440 0 2
19440 69 2
1948 0 2
1948 12 2
19526 6 0.5
19526 68 0.5
19602 0 2
19602 1 2
1964 0 2
1964 28 2
1976 0 2.5
1976 7 0.5
1976 13 1
1976 14 0.5
1976 15 0.5
1976 37 0.5
1976 57 2
198208 6 0.5
19937 0 0.5
19937 6 0.5
19937 29 0.5
19937 82 0.5
2 13 8
2 14 8
2 24 2
2 33 2
2 37 2
2 83 2
20245 0 0.5
20245 13 0.5
20245 14 0.5
20245 24 0.5
20319 0 2
20319 19 2
20319 71 2
20338 0 1
20338 4 0.5
20338 58 0.5
205028 0 2
205028 47 2
2052 0 2
2052 4 2
2052 30 2
205310 6 1
205397 0 0.5
205397 34 0.5
2087 0 2
2087 5 2
21050 13 0.5
210769 0 2
212 0 33.5
212 1 4
212 4 0.5
212 5 2
212 6 8
212 8 0.5
212 11 2
212 12 2
212 16 0.5
212 24 10
212 25 0.5
212 29 2
212 46 4
212 57 0.5
212 58 0.5
212 59 0.5
212 65 4
212 68 2
21351 0 1
21351 1 1
21499 0 0.5
2153 0 0.5
2160 0 4.5
2160 24 2.5
2160 38 2
216982 0 0.5
216982 12 0.5
21703 20 2.5
21703 41 2
21703 43 2
217088 0 0.5
217210 0 0.5
217210 37 0.5
217210 68 0.5
217608 0 0.5
21790 0 0.5
21790 2 0.5
21790 6 0.5
21790 20 0.5
21790 46 0.5
21856 0 2
219 0 12.5
219 6 6
219 7 2
219 12 0.5
219 18 2
219 19 12.5
219 20 1
219 63 0.5
219 71 2
219 78 0.5
219 79 2
219 84 0.5
219 100 0.5
219119 0 0.5
219119 46 0.5
219328 6 0.5
219328 68 0.5
21950 0 0.5
21985 0 2
21985 43 2
2200 0 2
2200 4 2
22003 0 3
22003 6 3
22003 12 2
22003 13 2.5
22003 20 2.5
22003 37 2
22003 43 0.5
22003 61 2.5
22003 81 2
22003 87 0.5
2201 0 2
2201 58 2
2202 0 0.5
22061 0 4
22061 47 4
220880 0 1
220880 37 0.5
220880 68 0.5
2220 0 72.5
2220 1 10
2220 2 2.5
2220 4 2
2220 5 1
2220 6 12.5
2220 7 2.5
2220 12 2
2220 13 3.5
2220 14 7.5
2220 15 2
2220 16 2
2220 18 2
2220 19 20.5
2220 20 20
2220 24 1.5
2220 31 2
2220 33 0.5
2220 34 0.5
2220 36 0.5
2220 40 0.5
2220 41 5
2220 43 2.5
2220 44 2.5
2220 46 4
2220 47 4
2220 49 2
2220 57 2
2220 58 4
2220 64 1.5
2220 65 2
2220 68 2
2220 74 2
2220 75 2
2220 80 0.5
2220 82 2
223329 0 2
223329 47 2
223717 0 0.5
223717 6 0.5
223717 12 0.5
223717 69 0.5
2248 13 1
2248 14 0.5
2248 24 1
2248 35 0.5
2248 37 0.5
2253 0 0.5
2253 71 0.5
22563 0 0.5
22606 0 0.5
22606 54 0.5
22781 6 0.5
22781 27 0.5
22781 52 0.5
22824 0 0.5
22824 6 0.5
2285 6 2
2285 13 2
2285 14 2
22953 6 3
22953 13 2.5
22953 35 2.5
22958 0 0.5
22958 19 0.5
229713 6 0.5
229713 12 0.5
229713 56 0.5
2313 0 4
2313 1 0.5
2313 6 0.5
2313 59 0.5
2313 86 0.5
2313 88 0.5
2334 0 0.5
2334 1 0.5
23343 6 0.5
234 0 0.5
23490 0 0.5
23490 37 0.5
235 13 0.5
235 14 0.5
235 24 0.5
235 46 0.5
23518 1 0.5
23518 20 0.5
23545 13 0.5
23545 24 0.5
23545 39 0.5
23545 43 0.5
23545 61 0.5
23688 0 2
23688 47 2
237 0 80
237 1 7.5
237 4 8.5
237 6 19.5
237 7 2
237 9 4
237 10 2
237 11 2
237 12 8
237 13 1
237 14 0.5
237 15 0.5
237 20 6.5
237 23 2
237 24 2
237 25 4
237 28 2
237 34 2
237 37 2
237 39 0.5
237 41 8.5
237 48 2
237 58 2.5
237 63 2
237 69 2
237 70 2
237 73 2
237 75 2
237 82 6.5
237 83 2
237 86 2
237 87 4
237 91 1
237 92 0.5
237754 6 0.5
237754 12 0.5
238347 13 2
238347 21 2
238347 99 2
23852 0 0.5
239495 6 0.5
239495 49 0.5
24 0 1
24 2 0.5
24 3 0.5
24 6 0.5
24 7 0.5
24 8 0.5
24 9 0.5
24129 0 2
24129 24 2
24130 0 0.5
24130 13 2.5
24130 24 2.5
24130 37 0.5
24154 0 12
24154 6 2
24154 12 2
24154 20 2
24154 37 2
24154 62 2
24154 67 2
24154 77 2
24285 0 0.5
24285 13 0.5
24285 31 0.5
24285 39 0.5
24285 40 0.5
24285 80 0.5
24322 0 0.5
24322 6 0.5
24322 12 0.5
24322 65 0.5
24324 0 0.5
24324 37 0.5
2446 6 0.5
24492 0 0.5
24492 41 0.5
24634 0 0.5
24634 24 0.5
2467 0 0.5
2467 6 0.5
2467 56 0.5
2467 65 0.5
246958 0 0.5
246958 68 0.5
2491 13 0.5
2491 14 0.5
2491 24 0.5
24974 0 0.5
24974 8 0.5
24974 25 0.5
25135 0 0.5
25135 1 0.5
25135 70 0.5
251859 9 0.5
251859 20 0.5
251859 41 0.5
2537 0 4
2537 32 2
2537 45 2
25565 0 0.5
25680 20 0.5
25690 0 4
25690 47 4
2587 0 0.5
26 0 31
26 1 3.5
26 2 2.5
26 3 5.5
26 4 2
26 5 8.5
26 6 5.5
26 7 7
26 8 2
26 9 2
26 11 0.5
26 16 0.5
26 17 2.5
26 20 0.5
26 22 0.5
26 23 2.5
26 24 6
26 25 0.5
26 29 0.5
26 30 2
26 36 4
26 45 2
2643 6 0.5
2643 13 0.5
2643 14 0.5
2643 24 0.5
2643 75 0.5
26522 0 1
26533 0 0.5
26533 6 0.5
26533 20 0.5
26566 0 0.5
2716 2 0.5
2716 6 0.5
27581 0 1.5
27581 1 0.5
27581 62 0.5
27759 0 0.5
27759 1 0.5
28046 0 2
28046 42 2
2812 1 1
2812 6 1
2812 13 8
2812 14 6.5
2812 15 0.5
2812 24 6.5
2812 36 0.5
2812 39 0.5
2812 40 0.5
2833 0 0.5
2833 13 0.5
2833 14 0.5
2833 24 0.5
28424 0 0.5
28424 12 0.5
28424 46 0.5
28424 70 0.5
28900 20 2
28900 41 2
28900 66 2
28919 0 0.5
28919 9 0.5
28919 48 0.5
290 0 0.5
292 0 80.5
292 1 8
292 2 2
292 4 10
292 6 21
292 7 2
292 8 2
292 9 4
292 12 16
292 13 5
292 14 2.5
292 20 10.5
292 24 1.5
292 25 2
292 28 2.5
292 35 2
292 37 4
292 41 4
292 43 2
292 46 2
292 48 2
292 56 2
292 58 10
292 59 2
292 64 2
292 68 4
292 69 6
292 70 2
292 73 2
292 76 2.5
292 82 6
292 87 2
292 88 4
292 89 2
292 90 2
3 0 7.5
3 1 2
3 4 0.5
3 6 4
3 7 4
3 8 2.5
3 15 2
3 16 2
3 20 6
3 59 2
3 72 2
3 86 2
3040 6 0.5
3040 26 0.5
3040 48 0.5
3040 49 0.5
30652 0 2
30921 0 2
30921 1 2
31160 0 0.5
3117 0 4
3117 6 0.5
3117 19 4.5
31241 0 0.5
31241 6 0.5
3152 0 2
3152 64 2
31683 0 1
31683 4 0.5
31683 6 0.5
31683 13 0.5
31683 40 0.5
3190 0 0.5
3190 22 0.5
3190 33 0.5
3209 0 2
3209 64 2
3222 0 69
3222 13 1
3222 14 0.5
3222 24 1
3222 42 69
3227 6 0.5
3227 13 0.5
3227 14 0.5
3231 13 0.5
3231 14 0.5
3231 24 0.5
32815 0 2
32815 4 2
32815 28 2
32891 14 0.5
32891 20 0.5
3296 0 0.5
3297 6 0.5
33075 6 3
33075 20 0.5
33075 81 0.5
33140 0 2
33140 6 2
33273 0 2
3349 0 2
3349 6 2
3349 24 2
3349 72 2
3352 0 4
3352 9 2
3352 45 2
34189 6 0.5
34561 0 15
34561 1 3.5
34561 6 6
34561 7 0.5
34561 12 2
34561 13 9
34561 14 1
34561 15 0.5
34561 18 0.5
34561 20 2.5
34561 24 4
34561 27 2
34561 35 0.5
34561 37 0.5
34561 41 0.5
34561 46 2.5
34561 48 3
34561 60 2
34561 61 2
34561 63 2
34561 66 2
34561 68 2
34561 70 0.5
34561 73 2
34561 82 0.5
34561 100 2
35 0 16.5
35 1 6
35 2 2
35 3 2
35 4 2
35 5 2
35 6 2
35 7 2
35 11 0.5
35 12 1
35 17 0.5
35 19 2
351 0 14
351 1 11
351 2 2
351 6 6
351 8 0.5
351 12 2
351 13 0.5
351 14 8.5
351 20 4
351 24 0.5
351 28 0.5
351 36 2
351 44 2
351 46 2
35244 0 5.5
35244 6 0.5
35244 64 0.5
35562 0 1
35562 15 0.5
3579 20 0.5
35950 0 0.5
35950 7 0.5
3598 0 3.5
3598 1 1.5
3598 6 13.5
3598 11 2
3598 12 1.5
3598 13 1.5
3598 14 4.5
3598 20 3
3598 23 0.5
3598 24 1.5
3598 27 0.5
3598 37 2.5
3598 41 0.5
3598 46 0.5
3598 52 0.5
3598 53 0.5
3598 56 2
3598 65 2.5
3598 67 0.5
3598 73 2
370 13 0.5
370 14 0.5
37413 0 0.5
37413 34 0.5
37413 69 0.5
3746 0 2
3746 22 2
3746 33 2
37797 0 130.5
37797 1 38
37797 4 8
37797 6 101.5
37797 7 14.5
37797 8 2
37797 9 10.5
37797 12 36
37797 13 24
37797 14 10.5
37797 15 3
37797 18 0.5
37797 19 4
37797 20 24.5
37797 21 0.5
37797 24 9.5
37797 25 2
37797 27 1
37797 29 0.5
37797 31 2
37797 37 11.5
37797 41 19.5
37797 42 2
37797 43 5
37797 44 0.5
37797 46 11.5
37797 47 4
37797 48 2
37797 49 4.5
37797 52 4
37797 56 4
37797 58 13
37797 59 4.5
37797 61 4.5
37797 63 2
37797 65 2
37797 66 2.5
37797 67 2
37797 68 11
37797 69 4.5
37797 73 10
37797 75 9
37797 77 2
37797 81 4
37797 82 8.5
37797 85 2
37797 86 2
37797 87 2
37797 90 4
37797 91 6
37797 93 4
37797 98 2.5
37797 99 0.5
3791 6 0.5
3791 19 0.5
37954 6 0.5
37954 7 0.5
37954 52 0.5
3810 1 0.5
3810 20 0.5
38114 0 0.5
38114 20 0.5
38114 24 0.5
38177 12 1.5
38177 13 2.5
38177 46 0.5
38177 55 1
38177 61 0.5
38177 69 1.5
38177 71 0.5
38539 0 0.5
38539 68 0.5
38539 73 0.5
387 13 1.5
387 14 0.5
387 20 0.5
387 24 1.5
3961 13 0.5
3961 14 0.5
3961 24 0.5
3994 13 0.5
3994 24 0.5
4 0 0.5
40 0 0.5
40 12 0.5
40 41 0.5
4017 0 2
4017 6 1
4017 41 0.5
4017 75 0.5
40457 0 3
40457 6 1
40457 41 2
40457 46 0.5
40511 6 0.5
40544 0 0.5
40544 37 0.5
40544 46 0.5
41 0 0.5
41 1 0.5
41011 0 2
41166 0 0.5
41166 4 0.5
41450 13 0.5
41450 15 0.5
41450 81 0.5
4160 0 7
4160 1 1
4160 6 0.5
4160 13 2
4160 64 2.5
4160 92 2
41631 0 2
41631 47 2
4178 0 0.5
4178 6 0.5
4178 37 0.5
420 0 2
420 13 0.5
420 14 0.5
420 24 0.5
420 50 2
43 0 10
43 1 4
43 6 2
43 7 2
43 10 2
43 11 2
43 12 2
43002 20 2
43087 0 2
43087 10 2
43087 12 2
4395 0 1.5
4395 6 1
4395 12 0.5
4395 65 0.5
4395 70 0.5
4408 0 4
4408 13 0.5
4408 15 0.5
4408 19 2.5
4408 77 2
4413 6 0.5
4413 15 0.5
4413 65 0.5
4416 0 2
4416 2 2
4416 19 2
44427 0 2.5
44427 13 1
44427 20 0.5
44427 24 1
44427 37 2
44427 49 0.5
44427 61 0.5
44427 86 2
44513 0 0.5
4457 20 0.5
4457 24 0.5
4535 0 0.5
4535 1 0.5
45485 6 0.5
45485 13 0.5
45688 0 0.5
45688 2 0.5
45688 76 0.5
45769 6 0.5
45769 56 0.5
4579 0 0.5
4579 14 0.5
4579 65 0.5
4579 72 0.5
4604 0 5
4604 6 4
4604 13 2
4604 15 2
4604 37 2
4604 40 2
4604 42 1
4645 0 0.5
46541 0 12.5
46541 6 4
46541 7 0.5
46541 8 1
46541 9 2
46541 12 2
46541 25 1
46541 37 1.5
46541 46 0.5
46541 52 0.5
46541 58 2.5
46541 65 1
46541 68 3
46541 70 0.5
46541 73 0.5
46541 75 0.5
46541 77 0.5
46541 82 2
46541 85 0.5
46541 86 0.5
46950 20 0.5
46950 62 0.5
46952 0 0.5
46952 4 0.5
46952 12 0.5
4729 0 2
481 0 0.5
481 6 0.5
481 24 2
48483 0 0.5
48483 13 0.5
48483 15 0.5
48483 68 0.5
48539 6 0.5
4885 0 2
4885 2 2
4885 19 2
49139 0 0.5
49189 0 2
49189 4 1
49189 12 0.5
49189 13 0.5
49189 20 0.5
49189 37 1
49348 20 0.5
49393 6 2
49393 13 6
49393 14 2
49393 24 4
49393 35 2
49393 40 2
4941 0 0.5
4966 0 0.5
4966 34 0.5
49880 0 0.5
5 0 2
5 13 4
5 14 2
5 15 2
5 24 2
5 68 2
50295 0 2
50295 58 0.5
5077 0 0.5
5077 56 0.5
512 0 4
512 54 2
5123 0 2
5123 23 2
517 0 2
517 19 2
517 71 2
51900 4 0.5
51900 6 1
51900 12 0.5
51900 29 0.5
52123 0 3
52123 42 3
52871 13 0.5
52871 15 0.5
52901 0 0.5
52901 1 0.5
53079 6 2
53079 13 2
53079 14 2
53079 27 2
53079 46 2
53079 49 2
531 0 6
531 5 6
53239 13 0.5
53239 46 0.5
53239 93 0.5
53502 0 0.5
53502 12 0.5
54484 0 0.5
54484 37 0.5
54644 0 1.5
54644 4 0.5
54644 6 1.5
54644 11 0.5
54644 69 0.5
5472 0 450
5472 1 72
5472 2 2
5472 3 2
5472 4 40.5
5472 6 143.5
5472 7 8
5472 8 2
5472 9 20
5472 10 2
5472 11 2
5472 12 36
5472 13 55.5
5472 14 23.5
5472 15 22.5
5472 16 2
5472 18 0.5
5472 19 21
5472 20 71.5
5472 21 2
5472 22 6
5472 23 0.5
5472 24 22.5
5472 25 4
5472 27 2
5472 28 30
5472 29 4
5472 30 4.5
5472 31 2
5472 32 2
5472 33 2.5
5472 34 2
5472 35 2
5472 37 37.5
5472 39 4
5472 40 2
5472 41 22.5
5472 42 2
5472 43 4
5472 44 2
5472 46 10
5472 48 4
5472 49 2
5472 50 6
5472 52 10
5472 53 2
5472 54 2
5472 56 2.5
5472 57 4
5472 58 31.5
5472 59 2
5472 60 2.5
5472 61 9
5472 62 2
5472 63 1
5472 64 4.5
5472 65 10
5472 66 2
5472 68 12
5472 69 12.5
5472 70 8
5472 71 4
5472 72 1
5472 73 10.5
5472 75 18
5472 80 4
5472 81 4
5472 82 30
5472 83 2
5472 84 4
5472 86 6.5
5472 88 2
5472 89 2
5472 90 10
5472 91 9
5472 94 4
5472 95 2
5472 96 2
5472 99 2
54758 0 0.5
55000 6 0.5
55000 43 0.5
55028 0 0.5
55028 90 0.5
55120 13 0.5
55120 14 0.5
55120 20 0.5
5579 0 2
5646 0 0.5
573 0 2
573 13 6
573 14 4
573 20 2
573 21 2
573 56 2
573 99 2
5782 6 0.5
5799 0 0.5
58 0 19.5
58 1 0.5
58 2 2
58 6 8
58 7 0.5
58 12 0.5
58 19 0.5
58 20 2
58 41 0.5
58 42 2
58 45 2
58 49 2
58 58 2
58138 13 0.5
58138 15 0.5
58740 6 0.5
58740 52 0.5
58740 53 0.5
58743 0 4
58743 1 2
58743 2 2
58743 3 2
59 0 0.5
59 10 0.5
59012 0 0.5
5916 0 2
5916 6 0.5
598 0 2
598 5 2
59869 0 2
59869 72 2
6 0 14.5
6 1 2
6 13 68
6 14 72
6 20 10
6 24 77
6 33 2
6 34 2
6 37 2
6 38 8
6 40 2
6 46 2
6 64 2
6 76 2
60395 13 2
60395 14 2
60395 24 2
60395 61 2
611 0 2.5
611 6 0.5
611 9 0.5
611 13 0.5
611 14 0.5
611 15 0.5
611 24 0.5
611 38 0.5
611 41 0.5
611 57 2
611 75 0.5
611 82 0.5
6126 6 0.5
6126 65 0.5
6150 1 0.5
6150 6 0.5
6171 0 0.5
62132 0 1
62132 6 1
62132 7 0.5
62132 20 1.5
62132 43 0.5
62132 68 0.5
6255 0 2
6255 1 2
6255 20 2.5
6255 41 2.5
6255 55 0.5
6255 66 2
63444 0 0.5
6376 0 2
6376 64 2
638 0 6.5
638 4 2
638 5 2
638 13 0.5
638 14 0.5
638 15 0.5
638 19 1
638 20 0.5
638 28 2
638 30 2
6408 6 0.5
6408 20 2
6408 69 0.5
642 0 0.5
642 54 0.5
6439 0 0.5
6439 4 0.5
6439 12 0.5
6439 69 0.5
64429 6 2
64429 13 2
64429 14 2
64714 0 0.5
64714 7 2
64714 14 2
64714 20 2
64714 49 2
650 0 4
650 28 2
6509 13 2
6509 15 2
6509 48 2
65379 0 0.5
65379 59 0.5
65379 65 0.5
654 0 2
654 1 2
654 12 2
65467 1 0.5
65467 6 0.5
65467 20 2
65467 41 0.5
65467 43 2
65467 69 0.5
658 0 2
65841 0 0.5
65841 6 0.5
65841 69 0.5
67206 0 0.5
67206 6 0.5
67260 0 2
67260 6 1
67260 12 0.5
67260 24 2
67260 37 0.5
67260 84 0.5
67264 0 0.5
67264 4 0.5
6730 6 1.5
6730 9 0.5
6730 19 0.5
6730 58 0.5
67324 0 2
67324 6 2
67990 0 0.5
6825 6 0.5
6825 7 0.5
6825 14 0.5
6825 52 0.5
6838 0 0.5
6838 8 0.5
6838 82 0.5
6859 0 2
6859 4 2.5
6859 6 0.5
6859 12 0.5
6859 30 2.5
6893 13 2.5
6893 40 2.5
6899 6 0.5
6899 14 0.5
691 0 4
691 1 1
691 5 2
691 31 0.5
691 37 0.5
69571 0 0.5
698 0 3
698 4 0.5
698 23 2.5
7 0 2.5
7 6 6
7 13 2
7 14 2
7 19 2.5
7 20 2
7 21 2
7 47 2.5
7001 0 0.5
7001 68 0.5
703 0 0.5
703 12 0.5
70691 0 0.5
70691 4 0.5
70691 6 0.5
70930 0 8.5
70930 6 2.5
70930 7 0.5
70930 9 0.5
70930 12 0.5
70930 20 1
70930 28 2
70930 37 2.5
70930 46 2
70930 48 0.5
70930 56 0.5
70930 58 0.5
70930 60 2
70930 65 0.5
70930 68 2
70930 73 0.5
70930 87 0.5
711 0 2
71375 6 0.5
7166 0 2.5
7166 41 0.5
71997 0 2.5
71997 1 2.5
71997 20 2.5
71997 75 2.5
72 6 0.5
72 13 0.5
72 14 0.5
72357 1 2.5
72357 20 2.5
73 0 0.5
73 4 0.5
732 13 0.5
732 14 0.5
732 24 0.5
7340 0 2
7340 6 2
7340 24 2
7340 64 2
7345 0 0.5
7345 29 0.5
7451 0 0.5
7451 20 0.5
74559 6 0.5
74559 58 0.5
74559 63 0.5
74583 0 2
74583 80 2
75790 0 0.5
75790 4 0.5
75790 28 0.5
76213 0 2
76402 0 0.5
76788 0 0.5
769 0 0.5
769 4 0.5
7690 15 2
7690 20 2
77 0 2
7749 0 9.5
7749 2 0.5
7749 14 0.5
7749 19 6
7749 32 0.5
7749 50 0.5
7749 57 0.5
7749 63 0.5
7795 6 0.5
7795 15 0.5
7795 19 0.5
7795 24 0.5
7833 0 23
7833 1 3
7833 4 2
7833 6 9
7833 7 0.5
7833 9 2.5
7833 12 2.5
7833 13 2.5
7833 14 4.5
7833 15 0.5
7833 18 1
7833 20 9.5
7833 23 0.5
7833 24 2.5
7833 28 2
7833 37 0.5
7833 39 0.5
7833 41 3
7833 43 2
7833 49 0.5
7833 58 0.5
7833 62 2.5
7833 64 4
7833 65 0.5
7833 66 0.5
7833 73 0.5
7833 83 0.5
78586 0 0.5
78586 4 0.5
78586 12 0.5
78980 0 0.5
78980 7 0.5
78980 14 2
78980 20 2.5
78980 24 2.5
78980 76 2
796 0 6.5
796 4 2
796 5 2
796 6 2
796 24 2
796 28 2
796 30 2
796 79 2
7961 0 2
7961 20 2
7961 24 2
80177 0 0.5
80177 80 0.5
81404 0 1
81404 4 0.5
81404 12 0.5
81404 41 0.5
8174 0 2
8174 57 2
8174 58 2
8318 0 4
8318 6 0.5
8318 13 0.5
8318 14 2.5
8318 19 4
8318 20 1.5
8318 24 1
8318 41 1
8318 61 0.5
8318 66 0.5
8318 76 0.5
8318 79 0.5
832 13 0.5
832 14 0.5
832 18 0.5
832 20 0.5
8320 0 2.5
8320 1 0.5
8320 7 0.5
8320 10 2
8320 12 2
83288 0 0.5
8380 0 2
8380 47 2
8394 0 2
8394 19 2
8394 57 2
83961 8 0.5
83961 20 0.5
83961 42 0.5
83961 49 0.5
84112 0 0.5
84680 6 0.5
84680 12 0.5
85243 0 0.5
85275 0 41.5
85275 1 2.5
85275 4 4
85275 6 7.5
85275 7 2
85275 12 4.5
85275 13 3.5
85275 14 4
85275 20 7
85275 24 2
85275 28 2
85275 37 7.5
85275 39 0.5
85275 41 3.5
85275 43 2.5
85275 46 2
85275 49 2
85275 58 1
85275 60 2
85275 63 0.5
85275 68 2
85275 73 2.5
85275 82 1
85275 86 2.5
85275 88 1
85275 89 0.5
85275 90 1.5
85275 91 1.5
85275 94 2.5
85458 0 1
85458 4 0.5
85458 12 0.5
85458 22 0.5
85458 88 0.5
8546 0 54
8546 1 24.5
8546 2 2
8546 4 6
8546 5 2
8546 6 4.5
8546 12 2
8546 13 3
8546 14 2.5
8546 15 1
8546 17 4
8546 18 2
8546 19 2
8546 20 1
8546 24 3.5
8546 28 6
8546 33 2
8546 63 2
85884 7 0.5
85884 20 1
85884 37 0.5
85884 46 0.5
85884 68 0.5
85884 94 0.5
85940 0 0.5
85940 6 0.5
85940 37 1
86312 0 0.5
86317 0 0.5
8690 0 1
8690 6 0.5
8690 24 0.5
8690 75 0.5
870 0 2
870 1 2
87265 0 0.5
87265 9 0.5
87265 12 0.5
8823 0 1
8823 1 0.5
88313 0 11.5
88313 4 2
88313 6 5.5
88313 37 1.5
88313 58 2
88313 75 0.5
88313 82 0.5
88313 97 4.5
884 0 1
884 1 2
884 6 4
884 7 2
884 13 6
884 14 6
884 15 2
884 20 2
884 42 1
884 48 2
884 64 6
89 0 6
89 5 2
89 8 2
89 9 2
8926 0 0.5
8994 0 15.5
8994 6 2
8994 13 2
8994 14 2
8994 20 2
8994 24 2
8994 42 0.5
8994 47 15
8998 0 0.5
8998 1 0.5
90 0 12
90 1 3.5
90 5 2
90 6 0.5
90 9 0.5
90 13 1
90 14 2.5
90 20 2
90 23 2
90 24 1
90 34 2
9001 0 4.5
9001 4 0.5
9001 58 2
9001 82 2
90218 0 0.5
90218 4 0.5
9022 0 2
903 0 2
903 28 2
90351 0 0.5
90351 25 0.5
90351 68 0.5
9058 0 197
9058 1 12
9058 4 26
9058 6 68
9058 7 10
9058 8 10
9058 9 4
9058 12 14.5
9058 13 2
9058 18 2
9058 19 4
9058 20 20
9058 22 2
9058 23 2
9058 24 4
9058 25 6
9058 28 4
9058 29 2
9058 30 2
9058 35 2
9058 37 30
9058 39 2
9058 41 10
9058 42 18
9058 46 14
9058 49 4
9058 52 2
9058 56 2
9058 58 14
9058 59 2
9058 60 2
9058 63 6
9058 66 2
9058 68 12
9058 69 10
9058 70 4
9058 71 2
9058 75 2
9058 82 12
9058 84 2
9058 86 2
9058 88 2
9058 91 4
9058 94 2
9058 97 2
9090 0 2
9090 1 2
92222 0 2
9252 0 0.5
9257 6 0.5
9257 12 0.5
9257 20 0.5
93229 0 1
93229 13 0.5
93229 46 0.5
93229 60 0.5
93229 63 0.5
93229 68 0.5
93229 87 0.5
9335 7 0.5
9335 13 0.5
9335 15 0.5
9340 0 2
9340 6 0.5
9340 20 2
9340 24 2.5
93721 1 0.5
93721 20 0.5
9388 0 171
9388 1 19
9388 2 2
9388 3 2
9388 4 13
9388 6 39.5
9388 8 2.5
9388 9 14.5
9388 12 12
9388 13 13.5
9388 14 6.5
9388 15 12
9388 18 4
9388 19 7
9388 20 26
9388 23 2
9388 24 6
9388 25 9
9388 27 0.5
9388 28 6.5
9388 30 2
9388 31 2.5
9388 37 20
9388 41 6
9388 42 2
9388 44 2.5
9388 46 2.5
9388 47 2
9388 48 3
9388 58 6
9388 60 2
9388 62 4
9388 65 6
9388 68 5
9388 69 2.5
9388 70 2
9388 71 0.5
9388 73 2
9388 74 2
9388 75 4
9388 76 2
9388 77 2
9388 82 8
9388 86 4
9428 0 0.5
9428 77 0.5
944 0 2
9493 0 4.5
9493 4 2
9493 6 0.5
9493 15 0.5
9493 20 1.5
9493 31 0.5
9493 76 0.5
9495 0 99
9495 1 4
9495 4 10
9495 6 24.5
9495 7 6
9495 8 2
9495 9 6
9495 10 2
9495 12 10
9495 13 6.5
9495 14 5
9495 18 4.5
9495 19 11
9495 20 10
9495 23 4.5
9495 24 2.5
9495 25 2
9495 28 4
9495 31 2.5
9495 34 2
9495 37 4
9495 41 8
9495 42 2
9495 43 4
9495 46 10
9495 48 6
9495 61 1
9495 62 2
9495 64 2
9495 65 6.5
9495 68 10
9495 69 2
9495 70 4
9495 71 2
9495 75 2
9495 77 2
9495 82 2
9495 87 2
952 6 0.5
952 20 0.5
952 21 0.5
95661 0 1.5
95661 1 0.5
95661 6 0.5
95661 41 0.5
9611 0 6
9611 9 2
9611 20 2
9611 24 2
9611 64 2
96174 6 0.5
96174 9 0.5
96174 68 0.5
962 6 4
962 7 2
962 13 8
962 14 4
962 15 4
962 18 2
962 19 4
962 24 4
97 0 2
97 1 2
97419 6 0.5
9765 6 0.5
9765 65 0.5
99938 0 0.5
99938 6 2
99938 12 0.5
99938 18 2
99938 82 0.5