-1 0 8
-1 8 8
-1 14 0.5
-1 42 8
10 0 154.0830564784053
10 1 16.727574750830566
10 2 7.262458471760797
10 3 7.262458471760797
10 4 3.714285714285714
10 5 0.5647840531561461
10 6 1.4019933554817277
10 7 0.627906976744186
10 8 3.4186046511627906
10 9 3.4186046511627906
10 10 0.3554817275747508
10 11 0.5647840531561461
10 12 1.2126245847176078
10 13 0.5647840531561461
10 14 0.06976744186046512
10 15 0.3554817275747508
10 17 0.3554817275747508
100490 0 7
100490 4 7
100490 14 7
101 0 114.05121951219512
101 1 7.143902439024391
101 4 0.8780487804878048
101 5 0.4902439024390244
101 6 6.34390243902439
101 7 1.5609756097560976
101 8 0.1
101 9 0.0975609756097561
101 10 0.0975609756097561
101 11 0.1975609756097561
101 12 2.5390243902439025
101 13 11.612195121951219
101 14 1.2902439024390246
101 15 1.9902439024390244
101 16 0.0975609756097561
101 18 0.1975609756097561
101 20 0.1975609756097561
101 22 0.1975609756097561
101 23 0.0975609756097561
101 24 6.4609756097560975
101 25 0.1
101 26 0.0975609756097561
101 27 0.1
101 30 0.0975609756097561
101 31 0.0975609756097561
101 32 0.1975609756097561
101 33 0.4975609756097561
101 34 0.0975609756097561
101 35 0.1975609756097561
101 36 0.0975609756097561
101 38 0.1
101 40 0.1975609756097561
101 41 0.3902439024390244
101 45 0.1975609756097561
101 46 0.1
101 48 0.0975609756097561
101 49 0.0975609756097561
101 50 1
101 52 0.1
101 53 0.1
101 57 0.1975609756097561
101 58 0.0975609756097561
101 59 0.1
101 62 0.0975609756097561
101 63 0.0975609756097561
101 65 0.1975609756097561
101 66 0.0975609756097561
10139 0 10
10139 6 3
10139 7 2
10139 20 2
10139 23 1
10139 27 1
10139 46 5
10139 49 1
10155 0 18
10155 9 18
10167 0 12
10167 58 8
101825 0 8
101825 4 2
101825 47 6
102178 12 2
102178 13 2
102178 41 2
1042 0 17.833333333333332
1042 1 1.8333333333333333
1042 4 1.8333333333333333
1042 12 3.333333333333333
1042 13 1.8333333333333333
1042 14 1.3333333333333333
1042 24 1.8333333333333333
1042 33 1.3333333333333333
1042 42 0.5
1042 61 0.5
1042 69 1.8333333333333333
104232 0 5
104232 4 5
104232 12 5
104232 58 5
104232 82 5
104492 20 5
104492 68 5
10493 6 2
10520 0 5
10520 11 5
105227 0 2
105227 6 2
1060 6 2
1060 23 2
106137 0 8
106137 12 8
10639 0 13
10639 19 9
10639 71 9
106452 0 14
106452 1 14
10733 0 9.166666666666668
10733 6 7.166666666666666
10733 8 0.5
10733 9 7.166666666666666
10733 25 0.5
10733 75 6
108753 0 8
108753 6 8
109099 6 2
109099 37 2
109099 68 2
109103 6 5
109103 13 5
10998 4 4
10998 20 4
110485 0 3
110485 20 2
110485 52 2
11105 0 25
11105 20 4
1121 0 6
1121 4 1.5
1121 12 1.5
1121 20 4
1121 28 1.5
1121 74 4
11241 0 34
11241 19 19.5
112471 6 2
112840 0 27.42857142857143
112840 1 1.3571428571428572
112840 4 11.714285714285714
112840 6 7.357142857142858
112840 12 0.7142857142857143
112840 20 1.3571428571428572
112840 28 11.714285714285714
112840 58 0.7142857142857143
11297 0 14.714285714285715
11297 4 4
11297 6 22
11297 14 4
11297 20 1
11297 41 2.7142857142857144
11297 46 10.714285714285715
11297 75 1
11297 86 1
115 0 144.78787878787878
115 1 0.3878787878787879
115 2 1.3333333333333333
115 3 2.606060606060606
115 4 0.3333333333333333
115 5 0.8727272727272727
115 6 0.05454545454545454
115 7 0.05454545454545454
115 8 0.8242424242424242
115 10 0.6181818181818182
115 13 7.054545454545455
115 14 0.5515151515151515
115 15 0.05454545454545454
115 18 0.05454545454545454
115 20 0.05454545454545454
115 22 0.3333333333333333
115 24 10
115 25 0.3333333333333333
115 26 1.696969696969697
115 27 1.696969696969697
115 28 0.05454545454545454
115 30 0.3333333333333333
115 31 0.6181818181818182
115 32 0.05454545454545454
115 35 0.8909090909090909
115 40 1.2727272727272727
115 41 0.05454545454545454
115 42 0.05454545454545454
115 44 0.3333333333333333
115 45 1.696969696969697
115 46 0.05454545454545454
115 48 0.05454545454545454
115 51 0.21818181818181817
115166 0 2
11533 0 5
116 0 16
116 1 0.1875
116 4 0.1875
116 5 0.1875
116 6 1.6875
116 13 6.6875
116 19 2.1875
116 25 2.75
116 28 0.1875
116 30 0.1875
116 37 5
116 61 5
116 71 2.1875
116 86 2.75
11610 0 8.375
11610 6 18
11610 15 0.875
11610 19 8.375
11610 20 0.875
11610 71 2.375
116161 0 2
116161 12 2
116161 22 2
116161 69 2
1174 0 36.19047619047619
1174 2 1.9285714285714284
1174 5 1.5476190476190474
1174 8 3.261904761904762
1174 13 0.21428571428571427
1174 14 3.4285714285714284
1174 20 1.5476190476190474
1174 25 3.261904761904762
1174 42 0.8571428571428571
1174 44 1.9285714285714284
1174 45 3.261904761904762
11791 0 63.238095238095234
11791 1 2.071428571428571
11791 2 0.16666666666666666
11791 6 0.16666666666666666
11791 7 0.16666666666666666
11791 8 0.5714285714285714
11791 12 0.5714285714285714
11791 19 2.071428571428571
11791 20 4.738095238095237
11791 25 0.5714285714285714
11791 41 4.166666666666666
11791 43 1.5
11791 46 0.16666666666666666
118 0 7
118 2 3
118 3 3
118 5 4
1186 6 8
1186 13 8
11890 0 1.5
11890 6 3.5
11890 12 3.5
11890 28 1.5
11890 37 1.5
11890 58 3.5
119060 6 2
119060 67 2
119060 77 2
119271 0 4
119271 12 4
119271 63 4
119271 100 4
119461 0 8
119461 58 3.5
119461 63 3.5
119461 90 1.5
119675 4 1
119675 12 1
119675 20 4
119675 43 1
120 0 28
120 1 2.4
120 57 2.1
120988 6 8
120988 9 8
121023 0 5.395238095238096
121023 1 1.3333333333333333
121023 6 43.39523809523809
121023 7 0.13333333333333333
121023 8 2.0619047619047617
121023 12 0.3476190476190476
121023 20 1.3333333333333333
121023 25 10.247619047619047
121023 37 0.7476190476190476
121023 41 2.0571428571428574
121023 43 0.3476190476190476
121023 58 3.795238095238095
121023 68 2.0619047619047617
121023 69 0.3476190476190476
121023 75 1.3904761904761904
121023 81 0.3476190476190476
121023 82 0.13333333333333333
121949 1 8
121949 20 8
121968 0 26
121968 1 4
121968 20 0.5
121968 42 2.5
121968 75 0.5
122324 0 4
122324 58 4
12285 0 33.44444444444444
12285 1 0.2
12285 13 12.911111111111111
12285 14 0.1111111111111111
12285 15 11.244444444444444
12285 18 0.6444444444444444
12285 19 4.111111111111111
12285 20 5.8
12285 24 1.2
12285 28 0.4444444444444444
12285 41 1.2
12285 43 0.2
12285 46 0.3111111111111111
12285 64 0.1111111111111111
12285 67 0.2
12285 68 4.8
12285 74 0.3111111111111111
12285 77 0.3111111111111111
12285 81 0.6444444444444444
123843 0 5
123843 6 5
123918 0 10
123918 2 10
123918 19 10
124002 0 5
124002 20 5
12418 0 12
12418 9 4
12493 0 9.600000000000001
12493 4 0.6000000000000001
12493 6 1
12493 12 0.6000000000000001
12493 13 1.6
12493 24 1.6
12493 28 2.4000000000000004
12493 62 1
12493 65 1
12493 69 0.6000000000000001
12544 13 5
12544 14 5
12544 24 5
125714 0 2
125714 12 2
125714 69 2
1267 0 12
1267 4 8
1267 12 8
1267 64 4
128 0 4
128 12 4
128 46 1
128 70 1
128719 0 5
13 0 563.2442143588577
13 1 1.0889065877801798
13 2 0.06382978723404255
13 3 0.2041927409261577
13 4 2.97125952895665
13 5 1.92864375924451
13 6 19.36063829787234
13 7 0.30237797246558196
13 8 0.2520650813516896
13 9 0.30237797246558196
13 10 0.047058823529411764
13 12 0.4873591989987484
13 13 1.8084423711457502
13 14 1.8444248492433721
13 15 0.8224655819774718
13 18 0.0630162703379224
13 19 10.029286608260325
13 20 2.3594948230742974
13 23 0.18823529411764706
13 24 14.207378541358517
13 25 0.18823529411764706
13 26 1.3834622823984524
13 27 2.0688189782682898
13 28 1.0683354192740926
13 29 0.0630162703379224
13 30 0.1539253612470133
13 31 0.2520650813516896
13 32 0.4898452611218569
13 33 0.15473887814313347
13 37 0.11088861076345431
13 39 0.047058823529411764
13 40 0.06382978723404255
13 41 0.3318523153942428
13 44 0.2553191489361702
13 45 0.6660143361019456
13 47 2.721401752190238
13 50 0.14361702127659576
13 51 7.809631357378541
13 52 0.3318523153942428
13 53 0.11088861076345431
13 56 0.29510183183524863
13 57 0.06382978723404255
13 60 0.11088861076345431
13 64 2.435840254864035
13 65 0.44355444305381725
13 67 0.0630162703379224
13 69 0.2041927409261577
13 70 0.11088861076345431
13 71 0.047058823529411764
13 75 0.015957446808510637
13 76 0.015957446808510637
13 78 0.047058823529411764
13 85 0.047058823529411764
131037 0 14
131037 89 14
131037 90 14
13125 0 94.87096774193549
13125 6 1.8709677419354838
13125 7 0.0967741935483871
13125 14 1.7870967741935484
13125 19 78.08387096774194
13125 32 1.7870967741935484
13125 71 23.174193548387095
132 0 5
13247 0 32.9375
13247 4 0.25
13247 6 0.4375
13247 9 0.1875
13247 20 4
13247 39 0.1875
13247 49 0.4375
13247 64 0.1875
13280 0 4
13280 23 4
133 0 5
1337 6 5
13414 0 37.3030303030303
13414 1 4.075757575757575
13414 6 0.5454545454545454
13414 7 2.227272727272727
13414 8 0.13636363636363635
13414 12 0.6666666666666666
13414 13 4.409090909090908
13414 14 0.803030303030303
13414 15 4.409090909090908
13414 19 3.8939393939393936
13414 20 1.8939393939393936
13414 41 0.6666666666666666
13414 42 0.13636363636363635
13414 43 0.13636363636363635
13414 64 2.227272727272727
13414 69 0.6666666666666666
13414 73 0.13636363636363635
13414 77 0.13636363636363635
1342 6 2
1342 85 2
1346 0 325.31888888888886
1346 1 3.692222222222222
1346 2 0.020833333333333332
1346 4 0.08
1346 5 0.2675
1346 6 3.8408333333333333
1346 7 0.020833333333333332
1346 8 0.4033333333333333
1346 9 0.2675
1346 12 0.08
1346 13 17.638888888888893
1346 14 16.75
1346 15 0.4033333333333333
1346 18 0.16333333333333333
1346 19 0.3333333333333333
1346 20 13.23
1346 22 0.16333333333333333
1346 23 0.16333333333333333
1346 24 7.4075
1346 28 1.3408333333333335
1346 31 0.2675
1346 33 0.020833333333333332
1346 35 0.9075
1346 37 0.020833333333333332
1346 38 1.0522222222222222
1346 40 0.1875
1346 41 1.1008333333333336
1346 42 3.2408333333333337
1346 44 0.020833333333333332
1346 45 0.8408333333333333
1346 47 0.5208333333333333
1346 48 0.2222222222222222
1346 51 5.453333333333333
1346 55 0.08
1346 56 0.08
1346 58 0.10083333333333333
1346 60 0.08
1346 64 2.302222222222222
1346 65 0.4033333333333333
1346 68 0.32
1346 70 0.5555555555555556
1346 71 0.16333333333333333
1346 72 0.4033333333333333
1346 73 0.08
1346 74 0.020833333333333332
1346 76 0.1875
1346 80 0.5075000000000001
1346 82 0.08
13490 1 2
13490 20 2
13490 35 2
135441 0 29
135441 1 4.357142857142857
135441 8 0.5
135441 12 8.857142857142858
135441 25 0.5
135441 37 0.5
135441 41 0.5
135441 46 8.857142857142858
135441 60 7.357142857142857
135441 68 0.5
135672 0 5
135704 0 14
135704 22 5
136995 6 5
136995 7 5
136995 13 5
136995 15 5
136995 93 5
138476 0 2
138476 1 16.5
138476 13 0.5
138476 20 12
138476 92 0.5
139 0 4
139 5 4
14 0 2
14 5 2
14 20 2
14 41 2
1407 0 28
1407 3 0.75
1407 4 1.75
1407 8 0.75
1407 16 1
1407 25 0.75
1423 0 5
1423 1 5
1423 11 5
1423 12 5
142445 0 5
142865 0 2
142865 1 2
14322 0 3.5
14322 15 3.5
14322 20 3.5
14322 31 14
14322 76 3.5
143445 0 4
143445 1 4
143445 70 4
143535 0 4
144 0 23
144 1 5.6
144 13 0.6000000000000001
144 15 0.6000000000000001
144 24 3.4000000000000004
144 38 3.4000000000000004
1451 0 2
1451 1 2
1451 6 2
1451 14 2
1453 0 13.833333333333332
1453 1 3.761904761904762
1453 4 0.7142857142857143
1453 6 5.261904761904761
1453 12 0.7142857142857143
1453 13 3.261904761904762
1453 14 0.21428571428571427
1453 15 2.1904761904761902
1453 19 0.21428571428571427
1453 20 0.21428571428571427
1453 23 0.21428571428571427
1453 24 0.8571428571428571
1453 46 0.21428571428571427
1453 48 1.3333333333333333
1453 69 1.3333333333333333
145449 0 14
145449 37 14
145472 0 11
145472 4 11
145472 12 1
14601 6 5
14601 7 5
14601 9 5
14601 46 5
1475 0 7
1475 1 4
1475 6 1
1475 14 1
1475 20 1
1475 24 7
149206 6 8
149206 13 8
149206 14 8
14938 0 10
14938 4 10
14938 12 10
14938 69 10
15 0 48.14285714285714
15 1 3.2857142857142856
15 2 0.1111111111111111
15 3 0.1111111111111111
15 4 0.5714285714285714
15 5 2.7301587301587302
15 6 0.1111111111111111
15 8 0.7301587301587301
15 12 0.5714285714285714
15 13 13.571428571428571
15 14 25.920634920634917
15 19 2.3968253968253967
15 20 0.1111111111111111
15 22 0.1111111111111111
15 24 23.920634920634917
15 26 0.1111111111111111
15 27 0.1111111111111111
15 36 0.1111111111111111
15 41 0.5714285714285714
15 42 0.1111111111111111
150 0 87
150 1 7.35
150 2 0.55
150 3 1
150 4 4.266666666666667
150 5 16.416666666666664
150 6 0.4
150 11 0.55
150 14 0.6000000000000001
150 16 0.6666666666666666
150 19 2.8000000000000003
150 20 0.6000000000000001
150 22 0.55
150 24 0.4
150109 1 7.75
150109 6 1.75
150109 20 7.75
150109 82 1.75
15027 6 2
15048 0 17
15048 4 7.3999999999999995
150754 6 8
150754 52 8
150754 70 8
151730 0 7
151730 4 4
151730 28 3
151730 58 3
151730 91 3
15184 0 10
15184 1 10
15184 92 2.5
1521 0 104
1521 28 0.19047619047619047
1521 42 86.19047619047619
1526 0 7
152723 0 2
152723 1 6.5
152723 6 18
152723 7 0.875
152723 41 0.875
152723 66 0.875
152792 0 4
152792 4 1
153510 0 30.866666666666667
153510 2 0.2
153510 3 0.2
153510 4 18.866666666666667
153510 6 3.8666666666666667
153510 12 0.2
153510 28 1.8000000000000003
1546 0 4
1546 1 4
1546 14 4
154794 0 11
154794 1 17
154794 4 0.3333333333333333
154794 13 0.3333333333333333
154794 20 3.333333333333333
154794 22 0.3333333333333333
154794 24 0.3333333333333333
154794 64 0.3333333333333333
154794 82 0.3333333333333333
155 0 14
155 4 4
155 8 10
155 9 10
15549 0 2
15565 0 5
15589 20 2
15589 74 2
156681 0 8
156681 20 8
156885 0 4
157165 0 7
157165 4 7
157165 28 7
157838 20 2
158 13 14
158 14 2
158 15 8
158 24 8
158 39 2
15819 0 1
15819 1 13
15819 6 10
15819 14 10
158700 0 5
158700 4 5
158700 28 3
158700 58 2
158700 82 2
160494 0 13
160494 1 13
16258 0 2
16258 6 0.5
16258 13 0.5
16258 20 4
16258 41 2
16258 47 2
16258 61 0.5
16258 73 0.5
16258 75 4
16258 84 2.5
1629 0 53.07142857142857
1629 4 0.5714285714285714
1629 9 0.5
1629 13 2.7857142857142856
1629 14 2.7857142857142856
1629 19 0.14285714285714285
1629 20 1.7857142857142856
1629 24 0.14285714285714285
1629 28 1.3333333333333333
1629 37 1.0714285714285714
1629 41 0.14285714285714285
1629 55 0.14285714285714285
1629 57 0.14285714285714285
1629 60 1.0714285714285714
1629 73 1.0714285714285714
1629 82 0.5
1629 83 2.7857142857142856
162909 0 13.285714285714286
162909 1 0.7142857142857142
162909 4 0.7142857142857142
162909 6 11
162909 7 1.5714285714285714
162909 12 2
162909 24 0.7142857142857142
162909 37 0.2857142857142857
162909 41 2
162909 46 2
162909 59 0.7142857142857142
162909 68 0.7142857142857142
162909 69 0.7142857142857142
16302 0 5
16302 12 5
1634 0 7
1634 24 7
164512 0 2
16463 0 4.5
16463 6 3.5
1649 0 1
1649 6 6
16529 0 5
16529 6 6
16529 20 1
16529 60 1
16529 73 1
166523 0 7
166523 4 7
1672 24 4
1674 13 2
1674 24 2
1674 40 2
168832 0 153.12244897959184
168832 1 0.5510204081632653
168832 4 1.5306122448979593
168832 6 1.8684807256235827
168832 8 0.061224489795918366
168832 9 0.9795918367346939
168832 12 0.9795918367346939
168832 13 0.2834467120181406
168832 18 0.2834467120181406
168832 19 3.657073085644514
168832 20 3.9183673469387754
168832 24 0.2834467120181406
168832 28 0.061224489795918366
168832 34 0.061224489795918366
168832 37 0.3689167974882261
168832 41 0.9795918367346939
168832 42 6.453689167974883
168832 68 0.3689167974882261
168832 73 0.7732426303854875
168832 91 0.061224489795918366
1695 0 13
1695 80 2
17 0 159.18506493506493
17 1 14.789610389610388
17 2 5.808441558441559
17 3 7.103896103896103
17 4 0.3538961038961039
17 5 1.4909090909090907
17 6 1.7564935064935063
17 8 0.06818181818181818
17 9 0.06818181818181818
17 10 0.2857142857142857
17 12 0.8993506493506492
17 13 0.2857142857142857
17 14 1.4155844155844155
17 15 0.2857142857142857
17 17 0.06818181818181818
17 18 0.4681818181818182
17 19 1.4909090909090907
17 20 0.06818181818181818
17 21 0.06818181818181818
17 23 0.5584415584415584
17 45 0.06818181818181818
1700 0 4
1700 69 4
17128 0 5
17128 6 5
17128 24 5
171366 0 8
171366 1 8
17156 0 2
17358 6 1.5
17358 13 13.5
17358 14 13.5
17358 24 13.5
17358 79 1.5
174099 0 4
174099 37 4
174099 86 4
174984 0 2
174984 7 2
174984 68 2
17580 0 11
17580 69 11
175990 0 2
175990 71 2
178121 0 4
17832 0 5
17832 22 5
17832 71 5
178418 0 31
178418 12 0.6666666666666666
178418 37 1.0952380952380951
178418 58 0.6666666666666666
178418 86 1.0952380952380951
178418 91 4.523809523809524
180636 0 18.333333333333336
180636 6 5.333333333333333
180636 19 0.3333333333333333
180636 20 3.333333333333333
180636 65 4
180636 70 3.333333333333333
180636 82 0.3333333333333333
181 0 36.800000000000004
181 6 5.800000000000001
181 7 0.8
181 19 9.200000000000001
181 24 0.2
181 73 1
181 75 2.8000000000000003
181868 0 6
181868 68 0.6666666666666666
181868 95 0.6666666666666666
181868 96 0.6666666666666666
183458 6 5
183458 41 5
18387 0 23.375
18387 4 0.775
18387 6 3.375
18387 19 3.375
18387 23 3.775
18387 41 0.775
18387 46 5.975
18387 69 4.4
184907 0 2
184907 12 2
184917 0 2
184917 6 2
184917 37 2
18575 0 11.25
18575 9 1.25
18575 13 1.25
18575 20 1.25
18575 48 1.25
18575 65 1.25
1860 20 4
1876 0 25.333333333333332
1876 2 1.3333333333333333
1876 5 0.3333333333333333
1876 13 2.3333333333333335
1876 14 5
1876 24 5
1876 38 1.3333333333333333
1876 44 1.3333333333333333
18917 0 30.5
18917 1 3.333333333333333
18917 6 0.5
18917 20 1.1666666666666665
18917 28 1.3333333333333333
18917 63 1.3333333333333333
18917 73 2.6666666666666665
18917 82 1.3333333333333333
19 0 8
19 1 8
191144 0 5
191144 46 5
191432 0 36.375
191432 1 0.4
191432 4 5.1
191432 8 3.775
191432 9 0.375
191432 20 0.375
191432 28 0.375
191432 41 0.375
191432 42 5.775
191432 58 0.375
191432 91 0.375
1916 0 5.5
1916 2 5.5
1916 3 1.5
1916 6 3.5
1916 14 4
1916 15 3.5
1916 44 4
1922 0 2
1922 10 2
1922 12 2
192780 0 2
193271 0 15
193271 7 4.666666666666667
193271 9 4.666666666666667
193271 68 0.6666666666666666
193271 69 1.6666666666666665
1941 0 5
1941 12 5
19440 0 4
19440 69 4
1948 0 7
1948 12 7
19526 6 8
19526 68 8
19602 0 10
19602 1 5.5
19602 7 1.5
19602 19 1.5
1964 0 13
1964 28 13
1976 0 7.666666666666667
1976 7 0.6666666666666666
1976 13 2.6666666666666665
1976 14 0.6666666666666666
1976 15 0.6666666666666666
1976 19 3
1976 37 0.6666666666666666
1976 57 4
198208 6 2
19937 0 4
19937 6 1
19937 29 4
19937 82 4
2 13 19
2 14 19
2 24 1
2 33 4
2 37 4
2 83 1
20245 0 2
20245 13 2
20245 14 2
20245 24 2
20319 0 4
20319 19 4
20319 71 4
20338 0 22.375
20338 4 4.375
20338 6 0.375
20338 24 0.375
20338 29 0.375
20338 58 4.375
205028 0 7
205028 20 3
205028 47 4
2052 0 4
2052 4 4
2052 30 4
205310 6 4
205397 0 2
205397 34 2
2087 0 4
2087 5 4
21050 13 8
210769 0 4
212 0 140.74545454545455
212 1 1.5272727272727273
212 2 0.45000000000000007
212 4 0.6666666666666666
212 5 0.6318181818181818
212 6 4.159090909090909
212 7 0.05
212 8 0.7166666666666667
212 9 0.05
212 11 0.18181818181818182
212 12 0.38181818181818183
212 14 0.8
212 16 0.6666666666666666
212 19 0.2
212 20 0.2
212 23 0.45000000000000007
212 24 22.595454545454544
212 25 0.7166666666666667
212 29 0.18181818181818182
212 32 0.05
212 36 0.05
212 41 0.2
212 42 0.05
212 44 0.45000000000000007
212 46 0.7272727272727273
212 50 0.05
212 56 0.05
212 57 0.8666666666666667
212 58 0.7166666666666667
212 59 0.7166666666666667
212 65 0.7772727272727273
212 68 0.18181818181818182
21351 0 4
21351 1 4
21499 0 8
2153 0 8
2160 0 13
2160 24 4
2160 38 2
216982 0 2
216982 12 2
21703 20 6
21703 41 4
21703 43 4
217088 0 2
217210 0 8
217210 37 3.5
217210 68 8
217608 0 8
21790 0 32
21790 2 32
21790 6 32
21790 20 32
21790 46 32
21856 0 4
219 0 35.41666666666667
219 6 13.1875
219 7 2.1319444444444446
219 12 0.8541666666666666
219 18 0.4444444444444444
219 19 43.66666666666667
219 20 2.8541666666666665
219 63 0.8541666666666666
219 71 1.1944444444444444
219 78 0.8541666666666666
219 79 0.6319444444444444
219 84 0.6666666666666666
219 100 0.8541666666666666
219119 0 2
219119 46 2
219328 6 2
219328 68 2
21950 0 8
21985 0 4
21985 43 4
2200 0 7
2200 4 7
22003 0 17.933333333333334
22003 4 0.15000000000000002
22003 6 12.533333333333335
22003 12 1.9333333333333333
22003 13 3.083333333333333
22003 20 2.3333333333333335
22003 28 1.3499999999999999
22003 37 1.4833333333333334
22003 43 1
22003 61 3.083333333333333
22003 81 1.3333333333333333
22003 87 1.75
22003 88 0.15000000000000002
2201 0 4
2201 58 4
2202 0 11
2202 24 1
2202 47 4
22061 0 11
22061 47 11
220880 0 28
220880 37 10.375
220880 68 10.375
2220 0 236.95230856100423
2220 1 3.5765104460756634
2220 2 0.3966468314294401
2220 4 0.24280067758328627
2220 5 0.7712287712287713
2220 6 5.193371845545759
2220 7 0.2408026755852843
2220 12 0.1259175607001694
2220 13 5.367675802458411
2220 14 10.933457846501327
2220 15 0.24280067758328627
2220 16 0.08695652173913043
2220 18 0.1259175607001694
2220 19 15.43391391217478
2220 20 17.141380358771663
2220 22 0.03896103896103896
2220 23 0.03896103896103896
2220 24 4.5404595404595405
2220 25 0.03896103896103896
2220 31 0.1259175607001694
2220 33 0.19280719280719283
2220 34 0.15384615384615385
2220 36 0.15384615384615385
2220 40 0.3096903096903097
2220 41 1.119054858185293
2220 42 0.03896103896103896
2220 43 0.2408026755852843
2220 44 0.3966468314294401
2220 46 0.5036702428006776
2220 47 0.34782608695652173
2220 49 0.1259175607001694
2220 57 0.08695652173913043
2220 58 0.34782608695652173
2220 64 3.2937062937062938
2220 65 0.24280067758328627
2220 68 0.1259175607001694
2220 69 0.03896103896103896
2220 71 0.15584415584415584
2220 72 0.15584415584415584
2220 74 0.08695652173913043
2220 75 0.08695652173913043
2220 80 0.7772227772227772
2220 81 0.15584415584415584
2220 82 0.08695652173913043
223329 0 4
223329 47 4
223717 0 11
223717 6 11
223717 12 11
223717 69 11
2248 0 6.75
2248 8 6.75
2248 13 4.75
2248 14 1.75
2248 24 4.75
2248 35 1
2248 37 1
2248 42 6.75
2253 0 2
2253 71 2
22563 0 8
22563 4 1.5
22563 28 1.5
22606 0 2
22606 54 2
22781 6 2
22781 27 2
22781 52 2
22824 0 1
22824 6 1
2285 6 4
2285 13 4
2285 14 4
22953 6 26
22953 13 17.5
22953 35 17.5
22958 0 2
22958 19 2
229713 6 2
229713 12 2
229713 56 2
2313 0 36
2313 1 6.5
2313 6 6.5
2313 59 2
2313 86 2
2313 88 0.875
2334 0 8
2334 1 8
23343 6 5
234 0 5
23490 0 5
23490 37 5
235 0 1.5
235 13 3.5
235 14 3.5
235 24 3.5
235 34 1.5
235 46 3.5
23518 1 5
23518 20 5
23545 13 2
23545 24 2
23545 39 2
23545 43 2
23545 61 2
23688 0 7
23688 47 4
237 0 446.59046139908105
237 1 12.685556202679091
237 2 0.0594059405940594
237 4 4.881453439461593
237 6 27.506348281887014
237 7 0.22255225522552258
237 8 0.01485148514851485
237 9 0.7268426842684268
237 10 0.6235423542354236
237 11 0.10374037403740374
237 12 5.714301430143015
237 13 2.6092020966802565
237 14 1.3206173558532324
237 15 0.8453698311007573
237 18 0.01485148514851485
237 19 0.01485148514851485
237 20 8.105765870704717
237 23 0.3265126512651265
237 24 1.574037403740374
237 25 0.37040704070407043
237 28 1.8859185918591856
237 31 0.01485148514851485
237 34 0.08888888888888889
237 37 2.2275027502750278
237 39 0.2513104251601631
237 41 1.6735326473823853
237 43 0.3712871287128713
237 44 0.0594059405940594
237 46 0.01485148514851485
237 48 0.10374037403740374
237 49 0.13366336633663367
237 56 0.0594059405940594
237 58 1.4095062447421212
237 61 0.0594059405940594
237 62 0.13366336633663367
237 63 0.1482948294829483
237 68 0.0594059405940594
237 69 0.1482948294829483
237 70 0.10374037403740374
237 73 0.3265126512651265
237 75 0.22255225522552258
237 76 0.01485148514851485
237 80 0.01485148514851485
237 82 3.8285381479324405
237 83 0.08888888888888889
237 86 1.2918591859185917
237 87 0.414961496149615
237 88 0.01485148514851485
237 89 0.01485148514851485
237 90 0.0594059405940594
237 91 1.0052417006406524
237 92 0.11764705882352941
237 94 0.0594059405940594
237 100 0.01485148514851485
237754 6 8
237754 12 8
238347 13 10
238347 21 10
238347 99 10
23852 0 5
239495 6 2
239495 49 2
24 0 12.041666666666666
24 2 6.666666666666667
24 3 6.666666666666667
24 6 4.041666666666667
24 7 4.041666666666667
24 8 1.0416666666666665
24 9 1.0416666666666665
24129 0 4
24129 24 4
24130 0 10.600000000000001
24130 13 5.6
24130 24 5.6
24130 37 6.3999999999999995
24154 0 63.17647058823529
24154 4 0.7058823529411764
24154 6 0.5
24154 8 0.1764705882352941
24154 12 2.088235294117647
24154 20 0.6764705882352942
24154 25 0.7058823529411764
24154 28 0.7058823529411764
24154 37 2.088235294117647
24154 41 1.5882352941176472
24154 43 1.5882352941176472
24154 62 0.6764705882352942
24154 67 0.5
24154 77 0.5
24154 86 0.1764705882352941
24285 0 25.299999999999997
24285 13 1.3
24285 31 1.3
24285 39 1.3
24285 40 1.3
24285 80 15.7
24322 0 5
24322 6 5
24322 12 5
24322 65 5
24324 0 5
24324 37 5
2446 6 2
24492 0 5
24492 41 5
24634 0 5
24634 24 5
2467 0 1
2467 6 1
2467 56 1
2467 65 1
246958 0 2
246958 68 2
2491 13 5
2491 14 5
2491 24 5
24974 0 32
24974 8 32
24974 25 32
25135 0 5
25135 1 5
25135 70 5
251859 9 5
251859 20 5
251859 41 5
2537 0 14.75
2537 2 0.75
2537 3 0.75
2537 13 0.75
2537 14 0.75
2537 24 3
2537 32 2
2537 45 2
25565 0 8
25680 20 5
25690 0 14
25690 47 9.5
2587 0 2
26 0 342.7607142857143
26 1 15.935714285714287
26 2 13.617857142857142
26 3 38.385714285714286
26 4 0.275
26 5 4.767857142857143
26 6 2.3107142857142855
26 7 2.9214285714285713
26 8 5.875
26 9 2.75
26 10 0.025
26 11 0.14285714285714285
26 13 1.225
26 14 2.025
26 16 0.14285714285714285
26 17 0.39285714285714285
26 20 0.14285714285714285
26 22 0.16785714285714284
26 23 0.39285714285714285
26 24 9.475
26 25 0.24285714285714285
26 26 1.6
26 27 1.6
26 28 0.1
26 29 0.24285714285714285
26 30 0.25
26 31 0.025
26 32 0.025
26 36 1.025
26 40 0.025
26 45 0.25
2643 6 1
2643 13 1
2643 14 1
2643 24 1
2643 75 1
26522 0 7
26533 0 2.6666666666666665
26533 6 2.6666666666666665
26533 20 2.6666666666666665
26566 0 2
2716 2 2
2716 6 2
27581 0 9
27581 1 1.4166666666666665
27581 4 0.75
27581 13 3
27581 14 0.75
27581 46 0.75
27581 61 0.75
27581 62 0.6666666666666666
27581 73 0.75
27759 0 2
27759 1 2
28046 0 4
28046 42 4
2812 0 1.6875
2812 1 0.7589285714285714
2812 6 2.258928571428571
2812 13 43.32142857142857
2812 14 18.571428571428573
2812 15 1.8303571428571428
2812 22 0.1875
2812 24 22.321428571428573
2812 33 0.1875
2812 36 0.8928571428571428
2812 39 0.14285714285714285
2812 40 1.8303571428571428
2833 0 5
2833 13 5
2833 14 5
2833 24 5
28424 0 8
28424 12 3.5
28424 46 3.5
28424 70 3.5
28900 20 4
28900 41 4
28900 66 4
28919 0 11
28919 9 11
28919 48 11
290 0 2
292 0 302.81992051664184
292 1 1.7783904619970192
292 2 0.17108792846497764
292 4 6.63785394932936
292 6 18.4421261798311
292 7 0.2940387481371088
292 8 0.17108792846497764
292 9 0.2909090909090909
292 10 0.09836065573770492
292 12 8.195529061102832
292 13 5.779980129160457
292 14 0.7995032290114257
292 15 0.02459016393442623
292 19 1.9918032786885245
292 20 5.692498758072529
292 23 0.09836065573770492
292 24 3.3934426229508197
292 25 0.17108792846497764
292 27 0.09836065573770492
292 28 0.7995032290114257
292 31 0.09836065573770492
292 35 0.09731743666169895
292 37 1.1761549925484351
292 39 0.02459016393442623
292 40 0.22131147540983606
292 41 1.1761549925484351
292 43 0.09731743666169895
292 46 0.957973174366617
292 48 0.07272727272727272
292 55 0.09836065573770492
292 56 0.07272727272727272
292 58 2.211624441132638
292 59 0.09731743666169895
292 60 0.22131147540983606
292 64 0.09731743666169895
292 66 0.09836065573770492
292 68 0.512220566318927
292 69 1.0479880774962742
292 70 0.17108792846497764
292 71 0.39344262295081966
292 73 0.2940387481371088
292 75 0.02459016393442623
292 76 0.6273720814704421
292 80 0.09836065573770492
292 82 1.2692995529061102
292 86 0.02459016393442623
292 87 0.07272727272727272
292 88 0.2909090909090909
292 89 0.07272727272727272
292 90 0.07272727272727272
3 0 29.192307692307693
3 1 0.7307692307692308
3 4 0.6666666666666666
3 5 0.23076923076923078
3 6 2
3 7 2
3 8 4.8589743589743595
3 9 2.0769230769230766
3 13 0.9230769230769231
3 15 0.7307692307692308
3 16 0.5
3 19 0.23076923076923078
3 20 5.423076923076923
3 24 0.23076923076923078
3 29 0.23076923076923078
3 58 0.23076923076923078
3 59 0.7307692307692308
3 62 0.23076923076923078
3 72 0.5
3 73 0.9230769230769231
3 86 0.7307692307692308
3 94 0.9230769230769231
3040 6 5
3040 26 5
3040 48 5
3040 49 5
30652 0 4
30921 0 4
30921 1 4
31160 0 2
3117 0 12
3117 6 2
3117 13 1
3117 15 1
3117 19 19
31241 0 2
31241 6 2
3152 0 4
3152 64 4
31683 0 4.166666666666666
31683 4 2.1666666666666665
31683 6 0.6666666666666666
31683 13 2.1666666666666665
31683 40 2.1666666666666665
3190 0 5
3190 22 5
3190 33 5
3209 0 4
3209 64 4
3222 0 147
3222 13 2
3222 14 0.5
3222 24 2
3222 42 147
3227 6 5
3227 13 5
3227 14 5
3231 13 8
3231 14 8
3231 24 8
32815 0 7
32815 4 7
32815 28 7
32891 14 2
32891 20 2
3296 0 5
3297 6 2
33075 0 3.8571428571428568
33075 2 1.7142857142857142
33075 6 10.523809523809522
33075 19 1.7142857142857142
33075 20 2.380952380952381
33075 81 1.0952380952380951
33140 0 4
33140 6 4
33273 0 4
3349 0 11
3349 6 2
3349 24 11
3349 72 11
3352 0 20
3352 9 14
3352 45 2
34189 6 5
34561 0 40.5
34561 1 3.8
34561 4 0.1
34561 6 4.800000000000001
34561 7 0.5
34561 12 0.5
34561 13 15.299999999999999
34561 14 1.3000000000000003
34561 15 0.5
34561 18 0.2
34561 20 6.1000000000000005
34561 24 5.6000000000000005
34561 27 0.4
34561 28 0.1
34561 35 0.2
34561 37 1.0000000000000002
34561 41 0.2
34561 46 0.5
34561 48 0.9
34561 49 0.4
34561 58 0.1
34561 60 0.4
34561 61 0.4
34561 63 0.4
34561 66 0.4
34561 68 0.4
34561 70 0.1
34561 73 2
34561 82 1.0000000000000002
34561 88 0.1
34561 100 0.4
35 0 61.5
35 1 13.733333333333334
35 2 0.5
35 3 0.5
35 4 0.5
35 5 0.8333333333333333
35 6 0.5
35 7 0.5
35 8 3
35 9 3
35 11 0.4
35 12 1.9333333333333333
35 17 0.7333333333333334
35 19 0.5
351 0 19.490909090909092
351 1 10.69090909090909
351 2 0.36363636363636365
351 6 3.2727272727272725
351 8 0.4
351 12 0.36363636363636365
351 13 0.4
351 14 6.218181818181819
351 20 1.4545454545454546
351 24 0.4
351 28 0.4
351 36 0.36363636363636365
351 44 0.36363636363636365
351 46 0.36363636363636365
35244 0 129.79710144927535
35244 2 0.06521739130434782
35244 3 0.06521739130434782
35244 6 1.7971014492753623
35244 64 2.514492753623188
35562 0 7
35562 15 4
3579 20 5
35950 0 2
35950 7 2
3598 0 4.982142857142857
3598 1 1.4107142857142856
3598 6 53.285714285714285
3598 9 0.125
3598 11 0.5714285714285714
3598 12 3.2857142857142856
3598 13 2.4107142857142856
3598 14 5.267857142857143
3598 20 1.1428571428571428
3598 23 0.26785714285714285
3598 24 3.2857142857142856
3598 27 4.642857142857143
3598 37 1.2142857142857142
3598 38 0.125
3598 41 0.26785714285714285
3598 46 0.14285714285714285
3598 49 0.125
3598 52 4.642857142857143
3598 53 4.642857142857143
3598 56 0.5714285714285714
3598 65 0.8392857142857142
3598 67 0.26785714285714285
3598 70 0.125
3598 73 1.6964285714285714
370 13 2
370 14 2
37413 0 2
37413 34 2
37413 69 2
3746 0 4
3746 22 4
3746 33 4
37797 0 359.33130937521673
37797 1 37.63213369391859
37797 4 0.8341307814992025
37797 6 150.7175169891131
37797 7 2.188912870119964
37797 8 0.1884968102073365
37797 9 2.62521669787116
37797 12 16.3587303238333
37797 13 11.814107898204009
37797 14 2.739269121420151
37797 15 1.2999098536855973
37797 18 0.043478260869565216
37797 19 0.15739633173843698
37797 20 7.550655294362388
37797 21 0.11166007905138339
37797 22 0.017045454545454544
37797 24 2.333389674779835
37797 25 0.10326953748006379
37797 27 0.44664031620553357
37797 28 0.017045454545454544
37797 29 0.1968873517786561
37797 31 0.03508771929824561
37797 37 2.6491791484640457
37797 41 8.756136883711255
37797 42 0.1884968102073365
37797 43 0.9279002843076068
37797 44 0.043478260869565216
37797 46 1.6946336939185909
37797 47 0.41307814992025516
37797 48 0.03508771929824561
37797 49 0.25201095624436587
37797 52 0.14035087719298245
37797 56 0.14035087719298245
37797 58 2.2722982109423757
37797 59 0.45655641078982034
37797 61 0.20087459260800222
37797 63 0.052133173843700156
37797 65 0.10326953748006379
37797 66 0.146747798349629
37797 67 0.03508771929824561
37797 68 2.142015116843492
37797 69 1.564510956244366
37797 71 0.017045454545454544
37797 73 1.303329346092504
37797 75 2.7978165522501905
37797 77 0.03508771929824561
37797 81 0.41307814992025516
37797 82 2.3094272241869493
37797 84 0.017045454545454544
37797 85 0.03508771929824561
37797 86 0.4612240829346092
37797 87 0.03508771929824561
37797 90 0.15739633173843698
37797 91 0.4691985645933014
37797 93 0.14035087719298245
37797 98 0.07856598016781083
37797 99 0.11166007905138339
3791 0 1
3791 6 6
3791 19 11
3791 71 1
37954 6 5
37954 7 5
37954 52 5
3810 1 20
3810 20 20
38114 0 11
38114 20 11
38114 24 11
38177 0 2.454545454545454
38177 1 0.2727272727272727
38177 6 0.2727272727272727
38177 12 6.054545454545454
38177 13 27.454545454545453
38177 37 0.2727272727272727
38177 41 0.2727272727272727
38177 46 0.6727272727272727
38177 55 1.8727272727272728
38177 61 4.763636363636364
38177 69 10.418181818181818
38177 71 0.4
38539 0 14
38539 1 3
38539 68 5
38539 73 5
387 13 12
387 14 0.6666666666666666
387 20 6.666666666666667
387 24 12
3961 13 2
3961 14 2
3961 24 2
3994 0 6
3994 13 2
3994 24 2
3994 47 1.5
4 0 2
40 0 2
40 12 2
40 41 2
4017 0 39.92156862745098
4017 4 0.1764705882352941
4017 6 2.0392156862745097
4017 12 0.1764705882352941
4017 20 0.1764705882352941
4017 28 0.7058823529411764
4017 37 0.7058823529411764
4017 41 1.0392156862745097
4017 75 1.0392156862745097
40457 0 20
40457 4 0.75
40457 6 10.75
40457 14 0.75
40457 41 4
40457 46 1.75
40511 6 2
40544 0 5
40544 37 5
40544 46 5
41 0 2
41 1 2
41011 0 7
41166 0 5
41166 4 5
41450 13 8
41450 15 8
41450 81 8
4160 0 21.416666666666664
4160 1 3.4166666666666665
4160 6 1.4166666666666665
4160 12 0.75
4160 13 2.083333333333333
4160 62 0.75
4160 64 2
4160 92 2.083333333333333
41631 0 7
41631 47 7
4178 0 5
4178 6 5
4178 37 5
420 0 5.5
420 13 3.5
420 14 3.5
420 24 3.5
420 50 5.5
43 0 43.66666666666667
43 1 4
43 2 0.3333333333333333
43 3 0.3333333333333333
43 4 8.333333333333332
43 6 0.6666666666666666
43 7 0.6666666666666666
43 10 0.6666666666666666
43 11 0.6666666666666666
43 12 0.6666666666666666
43 28 8.333333333333332
43 80 0.3333333333333333
43002 20 4
43087 0 10
43087 10 10
43087 12 10
4395 0 47.849999999999994
4395 6 40.400000000000006
4395 12 1.8499999999999999
4395 19 0.15000000000000002
4395 65 1.8499999999999999
4395 70 0.5
4408 0 8.5
4408 6 0.5
4408 13 6.5
4408 15 6.5
4408 19 12
4408 20 0.5
4408 41 0.5
4408 77 2.5
4413 6 2
4413 15 2
4413 65 2
4416 0 7
4416 2 7
4416 19 7
44427 0 8
44427 6 0.75
44427 13 10.75
44427 20 1.75
44427 24 7
44427 35 0.75
44427 37 4.75
44427 49 1.75
44427 61 1.75
44427 86 4.75
44513 0 5
4457 0 1
4457 20 6
4457 24 6
4535 0 2
4535 1 2
45485 6 5
45485 13 5
45688 0 11
45688 2 11
45688 76 11
45769 6 2
45769 56 2
4579 0 5
4579 14 5
4579 65 5
4579 72 5
4604 0 27.45
4604 1 0.25
4604 6 3.45
4604 7 0.25
4604 9 0.25
4604 13 1.8
4604 14 2.25
4604 15 0.8
4604 20 0.25
4604 24 1
4604 37 1.05
4604 40 0.8
4604 42 4
4604 61 1
4645 0 2
46541 0 145.9777777777778
46541 4 0.45000000000000007
46541 6 25.16111111111111
46541 7 0.1611111111111111
46541 8 0.6444444444444444
46541 9 17.977777777777778
46541 12 1.5333333333333332
46541 14 0.2
46541 24 0.05
46541 25 0.8944444444444445
46541 37 4.2
46541 43 0.05
46541 46 0.3111111111111111
46541 52 0.3111111111111111
46541 58 1.6444444444444444
46541 65 0.8944444444444445
46541 67 0.05
46541 68 4.977777777777778
46541 70 0.1611111111111111
46541 73 0.3111111111111111
46541 75 0.5611111111111111
46541 77 0.9111111111111112
46541 82 1.5333333333333332
46541 85 0.1611111111111111
46541 86 4.1611111111111105
46541 90 0.45000000000000007
46950 20 8
46950 62 8
46952 0 8
46952 4 3.5
46952 12 3.5
4729 0 4
481 0 19.375
481 1 0.375
481 5 0.375
481 6 1.375
481 19 1.5
481 24 4
481 57 1.5
48483 0 8
48483 13 8
48483 15 8
48483 68 8
48539 6 2
4885 0 7
4885 2 7
4885 19 7
49139 0 2
49189 0 9.333333333333332
49189 4 5.333333333333333
49189 12 1.3333333333333333
49189 13 0.3333333333333333
49189 20 1.3333333333333333
49189 37 1.3333333333333333
49348 20 2
49393 0 1.5
49393 6 2.833333333333333
49393 13 18
49393 14 1.3333333333333333
49393 15 1.5
49393 24 5.333333333333333
49393 35 2.833333333333333
49393 40 1.3333333333333333
49393 68 1.5
4941 0 5
4966 0 5
4966 34 5
49880 0 14
5 0 2
5 13 11
5 14 2
5 15 5
5 19 3
5 24 2
5 68 2
50295 0 11
50295 58 0.5
5077 0 3.5
5077 6 1.5
5077 56 3.5
512 0 11
512 54 5
5123 0 7
5123 23 7
517 0 7
517 19 7
517 71 7
51900 4 2.2
51900 6 34
51900 12 2.2
51900 29 20.200000000000003
52123 0 11
52123 19 3
52123 42 8
52871 13 5
52871 15 5
52901 0 17
52901 1 17
53079 6 3
53079 13 6
53079 14 3
53079 21 1
53079 27 3
53079 46 3
53079 49 3
53079 99 1
531 0 12
531 5 12
53239 13 2
53239 46 2
53239 93 2
53502 0 8
53502 12 8
54484 0 38
54484 1 0.25
54484 4 6.25
54484 6 0.25
54484 12 0.25
54484 14 4
54484 37 3
54484 46 0.25
54484 58 0.25
54484 91 0.25
54644 0 69.1551724137931
54644 4 26.982758620689655
54644 6 59.22413793103449
54644 11 26.982758620689655
54644 69 1.4310344827586208
5472 0 1735.9506733932628
5472 1 46.42124861017369
5472 2 0.17969598262757872
5472 3 0.12877005670165279
5472 4 22.04592540423159
5472 6 105.20963919946004
5472 7 0.22698757389311136
5472 8 0.23988116781276392
5472 9 3.543672336831946
5472 10 0.03154783447943057
5472 11 0.38802931596091206
5472 12 6.4622391120762455
5472 13 37.45525941250697
5472 14 10.793922587082196
5472 15 4.733203887927015
5472 16 0.013029315960912053
5472 18 0.06869369369369369
5472 19 5.57770637086598
5472 20 39.07139876032384
5472 21 0.01765894559054168
5472 22 0.11726384364820847
5472 23 0.14276776776776776
5472 24 8.288759443482569
5472 25 0.3484135601399445
5472 27 0.01765894559054168
5472 28 16.883854131003968
5472 29 0.16785800458438893
5472 30 0.8615516982780826
5472 31 0.013029315960912053
5472 32 0.08710339003498613
5472 33 0.1557970837286798
5472 34 0.013029315960912053
5472 35 0.08710339003498613
5472 37 11.506408281245413
5472 39 0.05674689347327784
5472 40 0.013029315960912053
5472 41 4.270240924964051
5472 42 0.23988116781276392
5472 43 0.3484135601399445
5472 44 0.03154783447943057
5472 46 0.7886958619857642
5472 47 0.07407407407407407
5472 48 0.3484135601399445
5472 49 0.03154783447943057
5472 50 0.12189347327783809
5472 52 0.49239956568946797
5472 53 0.01765894559054168
5472 54 0.03154783447943057
5472 55 0.004629629629629629
5472 56 0.0585748615064576
5472 57 0.05674689347327784
5472 58 7.507699882292716
5472 59 0.054695982627578715
5472 60 0.11413041706201316
5472 61 0.6915771634827009
5472 62 0.054695982627578715
5472 63 0.27477477477477474
5472 64 0.1532183649447493
5472 65 0.7007328990228013
5472 66 0.08710339003498613
5472 67 0.018518518518518517
5472 68 0.9320183375557968
5472 69 1.1627490682865276
5472 70 0.2825431294486669
5472 71 0.09378393051031488
5472 72 0.14977477477477477
5472 73 0.9129451112350135
5472 75 1.518337555796839
5472 76 0.004629629629629629
5472 77 0.018518518518518517
5472 79 0.004629629629629629
5472 80 0.05211726384364821
5472 81 0.05674689347327784
5472 82 6.825202645642385
5472 83 0.054695982627578715
5472 84 0.05674689347327784
5472 85 0.004629629629629629
5472 86 0.3109575373419021
5472 87 0.018518518518518517
5472 88 0.01765894559054168
5472 89 0.03154783447943057
5472 90 0.3998069730968754
5472 91 0.3350956820012194
5472 94 0.16785800458438893
5472 95 0.013029315960912053
5472 96 0.013029315960912053
5472 99 0.01765894559054168
5472 100 0.004629629629629629
54758 0 17
55000 6 2
55000 43 2
55028 0 6
55028 6 1
55028 46 1
55028 70 1
55028 90 3
55120 13 5
55120 14 5
55120 20 5
5579 0 10
5646 0 5
573 0 2.833333333333333
573 6 1.5
573 13 12
573 14 5.333333333333333
573 20 1.3333333333333333
573 21 1.3333333333333333
573 24 1.5
573 56 1.3333333333333333
573 99 1.3333333333333333
5782 6 2
5799 0 2
58 0 70.42857142857144
58 1 0.6666666666666666
58 2 0.8571428571428571
58 3 0.5714285714285714
58 6 5.142857142857142
58 7 2.952380952380952
58 12 0.6666666666666666
58 19 4.238095238095238
58 20 0.8571428571428571
58 23 0.14285714285714285
58 24 0.14285714285714285
58 41 0.6666666666666666
58 42 0.8571428571428571
58 45 0.2857142857142857
58 49 0.2857142857142857
58 58 0.2857142857142857
58 71 0.14285714285714285
58138 13 5
58138 15 5
58740 6 8
58740 52 8
58740 53 8
58743 0 8
58743 1 2
58743 2 2
58743 3 2
59 0 2
59 10 2
59012 0 2
5916 0 29
5916 6 2.2142857142857144
598 0 4
598 5 4
59869 0 4
59869 72 4
6 0 45.20542635658914
6 1 0.12790697674418605
6 6 0.13953488372093023
6 13 160.59302325581393
6 14 165.7674418604651
6 19 0.03488372093023256
6 20 3.5813953488372094
6 24 346.1744186046511
6 33 0.09302325581395349
6 34 0.09302325581395349
6 35 0.13953488372093023
6 37 0.09302325581395349
6 38 1.627906976744186
6 40 0.6511627906976745
6 46 0.12790697674418605
6 51 0.13953488372093023
6 64 0.12790697674418605
6 76 0.6511627906976745
60395 13 4
60395 14 4
60395 24 4
60395 61 4
611 0 7.666666666666667
611 6 3.6666666666666665
611 9 1.4166666666666665
611 13 0.6666666666666666
611 14 0.6666666666666666
611 15 3.6666666666666665
611 24 0.6666666666666666
611 38 0.6666666666666666
611 41 3.6666666666666665
611 57 4.75
611 75 3.6666666666666665
611 82 1.4166666666666665
6126 6 2
6126 65 2
6150 1 5
6150 6 5
6171 0 2
62132 0 10.975
62132 6 1.975
62132 7 0.775
62132 20 12.975
62132 43 0.4
62132 46 0.375
62132 60 0.375
62132 68 1.9
62132 87 0.375
6255 0 2
6255 1 2
6255 20 13
6255 41 13
6255 43 1
6255 55 6
6255 66 2
63444 0 5
6376 0 7
6376 64 7
638 0 47.25490196078431
638 1 0.1764705882352941
638 4 1.3333333333333333
638 5 1.5098039215686274
638 6 0.1764705882352941
638 13 0.8431372549019607
638 14 0.8431372549019607
638 15 0.8431372549019607
638 19 9.019607843137255
638 20 0.8431372549019607
638 28 1.3333333333333333
638 30 1.3333333333333333
638 51 0.1764705882352941
638 54 0.1764705882352941
638 57 0.1764705882352941
638 64 0.7058823529411764
638 71 0.1764705882352941
6408 6 2
6408 20 4
6408 69 2
642 0 2
642 54 2
6439 0 8
6439 4 2
6439 12 2
6439 28 6
6439 69 2
64429 6 4
64429 13 4
64429 14 4
64714 0 5
64714 7 4
64714 14 4
64714 20 4
64714 49 4
650 0 29
650 2 0.42857142857142855
650 5 0.42857142857142855
650 19 0.42857142857142855
650 22 0.42857142857142855
650 28 2.4285714285714284
650 57 0.42857142857142855
6509 13 7
6509 15 7
6509 48 7
65379 0 8
65379 59 8
65379 65 8
654 0 7
654 1 7
654 12 7
65467 0 1.5
65467 1 3.5
65467 6 8
65467 20 4
65467 37 1.5
65467 41 3.5
65467 43 4
65467 69 3.5
658 0 7
65841 0 1
65841 6 7
65841 69 7
67206 0 1
67206 6 4
67260 0 8
67260 6 5
67260 12 1
67260 13 1
67260 24 8
67260 37 1
67260 84 1
67264 0 8
67264 2 1.5
67264 3 1.5
67264 4 3.5
6730 0 0.25
6730 6 36.25
6730 9 0.9166666666666666
6730 19 12.916666666666668
6730 47 0.25
6730 58 2.9166666666666665
67324 0 4
67324 6 4
67990 0 8
6825 6 11
6825 7 11
6825 14 11
6825 52 11
6838 0 8
6838 8 8
6838 82 8
6859 0 7
6859 4 18
6859 6 5
6859 12 5
6859 30 9
6893 13 15
6893 40 15
6899 0 3
6899 6 2
6899 14 5
6899 38 3
691 0 27
691 1 2.6
691 5 4.6
691 31 1.1
691 37 2.9000000000000004
69571 0 5
698 0 11
698 4 1
698 23 8
7 0 3
7 6 9
7 13 1
7 14 1
7 19 3
7 20 1
7 21 1
7 47 3
7001 0 5
7001 68 5
703 0 2
703 12 2
70691 0 14
70691 4 14
70691 6 14
70930 0 38
70930 6 20.428571428571427
70930 7 1.1642857142857141
70930 8 0.42857142857142855
70930 9 2.878571428571429
70930 12 0.30714285714285716
70930 15 0.10714285714285714
70930 20 1.7642857142857142
70930 28 1.3333333333333333
70930 37 5.39047619047619
70930 41 0.10714285714285714
70930 42 0.42857142857142855
70930 46 1.3333333333333333
70930 48 0.6285714285714286
70930 52 0.42857142857142855
70930 56 0.30714285714285716
70930 58 0.30714285714285716
70930 60 1.3333333333333333
70930 65 0.30714285714285716
70930 68 1.3333333333333333
70930 73 1.1642857142857141
70930 84 0.10714285714285714
70930 86 0.9642857142857142
70930 87 1.1642857142857141
711 0 4
71375 6 2
7166 0 15
7166 41 11
71997 0 33
71997 1 33
71997 20 22.333333333333336
71997 75 22.333333333333336
72 6 4
72 13 1
72 14 1
72357 1 9
72357 20 9
73 0 2
73 4 2
732 0 6
732 13 2
732 14 2
732 19 6
732 24 2
7340 0 5
7340 6 2
7340 24 2
7340 64 5
7345 0 8
7345 29 8
7451 0 14
7451 14 3
7451 19 3
7451 20 5
74559 6 8
74559 58 8
74559 63 8
74583 0 4
74583 80 4
75790 0 2
75790 4 2
75790 28 2
76213 0 4
76402 0 20
76788 0 17
769 0 2
769 4 2
7690 15 4
7690 20 4
77 0 10
7749 0 135.30769230769232
7749 2 0.8741258741258742
7749 7 0.07692307692307693
7749 13 0.3076923076923077
7749 14 0.8741258741258742
7749 15 0.07692307692307693
7749 19 87.55944055944056
7749 24 0.07692307692307693
7749 32 0.48951048951048953
7749 33 0.07692307692307693
7749 50 0.8741258741258742
7749 57 0.8741258741258742
7749 63 0.25874125874125875
7795 6 8
7795 15 8
7795 19 8
7795 24 8
7833 0 90.33178137651822
7833 1 2.578744939271255
7833 4 0.33927125506072875
7833 6 28.828137651821866
7833 7 0.34671052631578947
7833 9 0.6544028340080972
7833 10 0.28421052631578947
7833 12 0.8754554655870446
7833 13 3.528087044534413
7833 14 3.3143218623481783
7833 15 0.34671052631578947
7833 18 0.5342105263157895
7833 19 0.031578947368421054
7833 20 16.06330971659919
7833 23 0.34671052631578947
7833 24 0.4965080971659919
7833 28 0.8129554655870446
7833 35 0.031578947368421054
7833 37 0.8519736842105263
7833 39 0.09407894736842105
7833 40 0.7894736842105263
7833 41 2.105060728744939
7833 43 0.3076923076923077
7833 46 0.031578947368421054
7833 47 0.031578947368421054
7833 49 0.5677631578947369
7833 58 0.0625
7833 61 0.031578947368421054
7833 62 0.40177125506072875
7833 64 1.262348178137652
7833 65 0.34671052631578947
7833 66 0.0625
7833 73 0.18881578947368421
7833 77 0.031578947368421054
7833 80 0.28421052631578947
7833 81 0.031578947368421054
7833 83 0.09407894736842105
78586 0 2
78586 4 2
78586 12 2
78980 0 17
78980 4 0.6000000000000001
78980 7 2
78980 14 4
78980 20 6
78980 24 11.399999999999999
78980 28 2.4000000000000004
78980 76 4
796 0 45.41428571428571
796 4 0.8
796 5 0.8
796 6 1.0142857142857142
796 19 1.9285714285714284
796 24 0.8
796 28 0.8
796 30 0.8
796 71 0.8571428571428571
796 79 0.8
7961 0 4
7961 20 4
7961 24 4
80177 0 2
80177 80 2
81404 0 10
81404 4 1
81404 12 7
81404 41 7
8174 0 4
8174 57 4
8174 58 4
8318 0 10.454545454545453
8318 6 0.6727272727272727
8318 13 0.4
8318 14 3.4909090909090907
8318 19 10.454545454545453
8318 20 16.96363636363636
8318 24 2.690909090909091
8318 41 8.418181818181818
8318 61 0.4
8318 66 1.4909090909090907
8318 71 1.0909090909090908
8318 76 1.4909090909090907
8318 79 0.6727272727272727
832 0 4.5
832 13 3
832 14 3
832 18 1.5
832 20 1.5
832 22 2
832 33 2
832 45 0.5
8320 0 21
8320 1 2.6
8320 4 0.6000000000000001
8320 7 2.6
8320 10 6.4
8320 12 6.4
8320 14 0.6000000000000001
8320 19 0.6000000000000001
83288 0 5
8380 0 13
8380 47 13
8394 0 4
8394 19 4
8394 57 4
83961 8 8
83961 20 8
83961 42 8
83961 49 8
84112 0 2
84680 6 5
84680 12 5
85243 0 2
85275 0 246.73291595925298
85275 1 0.31254244482173177
85275 2 0.037500000000000006
85275 3 0.037500000000000006
85275 4 1.4421052631578948
85275 6 3.8253820033955854
85275 7 0.21052631578947367
85275 12 1.0566213921901526
85275 13 6.191171477079796
85275 14 1.1796052631578946
85275 19 0.037500000000000006
85275 20 14.302801358234294
85275 24 0.21052631578947367
85275 28 0.24802631578947368
85275 34 0.037500000000000006
85275 37 3.412882003395586
85275 39 0.06451612903225806
85275 41 2.141171477079796
85275 42 0.037500000000000006
85275 43 1.2125424448217317
85275 46 0.24802631578947368
85275 49 0.21052631578947367
85275 58 0.5955645161290322
85275 60 0.24802631578947368
85275 63 0.10201612903225807
85275 68 0.8105263157894738
85275 73 3.3125424448217315
85275 82 0.8580645161290323
85275 86 0.31254244482173177
85275 88 0.25806451612903225
85275 89 0.06451612903225806
85275 90 0.7306451612903225
85275 91 2.980645161290323
85275 94 1.6250424448217315
85458 0 7
85458 4 4
85458 12 4
85458 22 1
85458 88 4
8546 0 274.43386243386243
8546 1 27.229437229437227
8546 2 2.057239057239057
8546 3 0.6233766233766234
8546 4 2.7359307359307357
8546 5 0.18710918710918711
8546 6 1.2289562289562288
8546 11 0.15584415584415584
8546 12 0.303992303992304
8546 13 2.6936026936026938
8546 14 2.342953342953343
8546 15 1.7662337662337662
8546 16 0.15584415584415584
8546 17 0.6315536315536315
8546 18 0.14814814814814814
8546 19 3.3039923039923043
8546 20 4.298701298701299
8546 24 13.97931697931698
8546 28 1.683982683982684
8546 32 0.03896103896103896
8546 33 0.4987974987974988
8546 44 0.6233766233766234
8546 63 0.14814814814814814
8546 71 0.03896103896103896
8546 80 0.03896103896103896
85884 7 1
85884 20 10
85884 37 7
85884 46 7
85884 68 1
85884 94 1
85940 0 10
85940 6 2
85940 37 5
85940 82 1
86312 0 14
86317 0 2
8690 0 2.6666666666666665
8690 6 3.6666666666666665
8690 9 0.75
8690 14 3
8690 20 3
8690 24 3.6666666666666665
8690 75 0.6666666666666666
870 0 7
870 1 7
87265 0 2
87265 9 2
87265 12 2
8823 0 13
8823 1 1
88313 0 93.53103448275863
88313 4 1.2137931034482758
88313 6 17.144827586206898
88313 19 0.10344827586206896
88313 20 1.6551724137931034
88313 28 0.10344827586206896
88313 37 6.186206896551724
88313 58 0.903448275862069
88313 68 1.6551724137931034
88313 75 0.4
88313 82 1.331034482758621
88313 91 2.586206896551724
88313 97 8.668965517241379
884 0 10
884 1 0.6666666666666666
884 5 0.375
884 6 3.0416666666666665
884 7 1.0416666666666665
884 13 7.5
884 14 6
884 15 2.1666666666666665
884 20 2.1666666666666665
884 21 0.375
884 42 5.5
884 48 1.0416666666666665
884 56 0.375
884 64 6.375
89 0 24
89 4 0.75
89 5 4.333333333333333
89 8 1.3333333333333333
89 9 1.3333333333333333
89 14 0.75
89 28 0.75
8926 0 5
8994 0 61.6875
8994 1 0.1875
8994 4 0.1875
8994 6 0.6319444444444444
8994 13 0.4444444444444444
8994 14 0.4444444444444444
8994 20 1.1944444444444444
8994 24 0.4444444444444444
8994 37 0.1875
8994 41 0.1875
8994 42 1.9732142857142856
8994 47 41.473214285714285
8994 55 0.1875
8998 0 5
8998 1 5
90 0 58.62271062271063
90 1 7.3919413919413905
90 3 0.46153846153846156
90 5 0.6666666666666666
90 6 0.4010989010989011
90 9 0.2857142857142857
90 13 1.1428571428571428
90 14 11.296703296703296
90 18 2.8846153846153846
90 19 0.11538461538461539
90 20 6.32051282051282
90 23 1.1282051282051282
90 24 1.6043956043956045
90 34 0.782051282051282
90 50 0.11538461538461539
9001 0 10
9001 4 2
9001 58 2
9001 82 2
90218 0 11
90218 4 11
9022 0 7
903 0 4
903 20 3
903 28 4
903 41 3
90351 0 2
90351 25 2
90351 68 2
9058 0 652.0568517028694
9058 1 8.736926790024135
9058 4 8.95749530705283
9058 6 75.18517028694019
9058 7 0.8106731027085009
9058 8 1.6071332796996514
9058 9 0.45307052829176725
9058 10 0.11946902654867256
9058 12 5.086618396352909
9058 13 2.273665862161437
9058 14 0.11946902654867256
9058 15 0.6504424778761062
9058 18 0.08340037543577367
9058 19 0.24068114776079377
9058 20 12.003754357736657
9058 22 0.030303030303030304
9058 23 0.030303030303030304
9058 24 0.17430946634486458
9058 25 0.39219629927594524
9058 28 1.1964333601501744
9058 29 0.14977205685170286
9058 30 0.030303030303030304
9058 31 0.01327433628318584
9058 35 0.043577366586216144
9058 37 10.216411906677394
9058 39 0.24269241083400375
9058 40 0.01327433628318584
9058 41 2.0850093858943417
9058 42 4.3660498793242155
9058 43 0.01327433628318584
9058 46 2.5600697237865377
9058 49 0.17430946634486458
9058 52 0.030303030303030304
9058 55 0.01327433628318584
9058 56 0.030303030303030304
9058 58 4.086618396352909
9058 59 0.043577366586216144
9058 60 0.030303030303030304
9058 61 0.21238938053097345
9058 63 0.32582461786001604
9058 66 0.14977205685170286
9058 68 3.0024135156878518
9058 69 1.6071332796996514
9058 70 0.45307052829176725
9058 71 0.08340037543577367
9058 73 0.05309734513274336
9058 75 0.14977205685170286
9058 82 3.6926790024135157
9058 84 0.08340037543577367
9058 86 0.24269241083400375
9058 87 0.01327433628318584
9058 88 0.030303030303030304
9058 89 0.01327433628318584
9058 90 0.21238938053097345
9058 91 0.5990882274068114
9058 94 0.030303030303030304
9058 97 0.36216143738267637
9090 0 4
9090 1 4
92222 0 4
9252 0 2
9257 0 3
9257 4 3
9257 6 2
9257 12 2
9257 20 2
93229 0 6.666666666666666
93229 6 1
93229 13 0.6666666666666666
93229 46 0.6666666666666666
93229 60 0.6666666666666666
93229 63 0.6666666666666666
93229 67 1
93229 68 1.6666666666666665
93229 77 1
93229 87 0.6666666666666666
9335 7 5
9335 13 5
9335 15 5
9340 0 4.75
9340 6 8.75
9340 20 4.75
9340 24 12.75
9340 49 0.75
93721 0 1.5
93721 1 3.5
93721 20 3.5
93721 47 1.5
9388 0 681.0935829712749
9388 1 9.608456963597149
9388 2 0.22710649772819622
9388 3 0.22710649772819622
9388 4 9.06455389389156
9388 6 31.310164439380202
9388 8 0.2210256220821032
9388 9 3.9126513470276167
9388 12 1.9268220605075541
9388 13 3.472884693526709
9388 14 3.448944797583562
9388 15 2.9242419506539785
9388 18 0.3392560304384766
9388 19 4.0710183761788805
9388 20 28.418773424868508
9388 23 0.7962764582025045
9388 24 0.6328912858778767
9388 25 1.0955464689719057
9388 27 0.12435390696260262
9388 28 1.172264955686329
9388 30 0.33382586531712904
9388 31 0.5411837248489015
9388 37 4.034760444756381
9388 39 0.011857707509881422
9388 41 1.7712312068264935
9388 42 0.46426064792582467
9388 43 0.011857707509881422
9388 44 0.16173708453269608
9388 46 0.3040295746512731
9388 47 0.08481400760961914
9388 48 0.451794852851334
9388 50 0.011857707509881422
9388 58 0.6328912858778767
9388 60 0.04924088507997488
9388 61 0.04743083003952569
9388 62 0.4459753980274094
9388 65 0.3483063056407225
9388 68 1.2161182986050925
9388 69 0.16173708453269608
9388 70 0.037383177570093455
9388 71 0.07692307692307693
9388 73 0.04924088507997488
9388 74 0.08481400760961914
9388 75 0.2562520778693066
9388 76 0.037383177570093455
9388 77 0.037383177570093455
9388 80 0.04743083003952569
9388 81 0.18972332015810275
9388 82 1.5586051494218907
9388 83 0.04743083003952569
9388 86 0.19696354031989952
9388 88 0.011857707509881422
9388 92 0.04743083003952569
9428 0 8
9428 77 8
944 0 4
9493 0 23.928571428571427
9493 4 2
9493 6 0.9285714285714286
9493 8 0.42857142857142855
9493 15 0.5
9493 20 4.928571428571429
9493 31 0.5
9493 42 0.42857142857142855
9493 54 0.42857142857142855
9493 76 0.5
9495 0 359.33651266766014
9495 1 1.2441132637853949
9495 4 1.748435171385991
9495 6 13.551713859910581
9495 7 1.0265275707898658
9495 8 3.9928464977645306
9495 9 0.5901639344262295
9495 10 0.06557377049180328
9495 12 1.6393442622950818
9495 13 5.78956780923994
9495 14 2.735022354694486
9495 15 0.24545454545454545
9495 18 0.5532041728763041
9495 19 8.502980625931446
9495 20 3.848435171385991
9495 23 0.8804769001490313
9495 24 5.5272727272727264
9495 25 2.792846497764531
9495 27 0.02727272727272727
9495 28 0.26229508196721313
9495 31 0.929210134128167
9495 32 0.02727272727272727
9495 34 0.06557377049180328
9495 35 0.02727272727272727
9495 37 0.5077496274217586
9495 41 1.4855439642324888
9495 42 1.047391952309985
9495 43 0.3713859910581222
9495 46 1.6666169895678091
9495 47 0.10909090909090909
9495 48 0.5901639344262295
9495 61 0.9727272727272728
9495 62 0.06557377049180328
9495 64 0.09284649776453055
9495 65 1.7538002980625933
9495 68 2.6211624441132635
9495 69 0.06557377049180328
9495 70 0.26229508196721313
9495 71 0.17466467958271237
9495 73 0.10909090909090909
9495 75 0.17466467958271237
9495 76 0.10909090909090909
9495 77 0.3110283159463487
9495 80 0.02727272727272727
9495 82 0.06557377049180328
9495 86 0.02727272727272727
9495 87 0.06557377049180328
9495 88 0.02727272727272727
952 6 2
952 20 2
952 21 2
95661 0 12
95661 1 0.6666666666666666
95661 6 0.6666666666666666
95661 41 6.666666666666667
9611 0 15
9611 9 4.333333333333333
9611 20 1.3333333333333333
9611 24 1.3333333333333333
9611 64 1.3333333333333333
96174 6 2
96174 9 2
96174 68 2
962 0 2.25
962 6 3.6666666666666665
962 7 1.6666666666666665
962 13 22.916666666666668
962 14 3.6666666666666665
962 15 8.916666666666666
962 18 0.9166666666666666
962 19 14.916666666666668
962 24 3.6666666666666665
962 71 0.25
97 0 4
97 1 4
97419 6 2
9765 6 2
9765 65 2
99938 0 2
99938 6 7
99938 12 2
99938 18 7
99938 82 2