-1 0 1.0300751879699248
-1 8 1.0300751879699248
-1 14 1
-1 42 1.0300751879699248
10 0 1.4711779448621554
10 1 1.431077694235589
10 4 1.0100250626566416
10 5 1
10 13 1
10 15 1
100490 0 1.0200501253132832
100490 1 1.0200501253132832
101 0 2.243107769423559
101 1 2.2230576441102756
101 50 1
10139 0 1.0601503759398496
10139 1 1.050125313283208
10139 6 1
10139 27 1
10139 46 1
10139 49 1
10155 0 1.0300751879699248
10155 1 1.0200501253132832
10155 9 1
10167 0 1.0300751879699248
10167 1 1.0200501253132832
10167 58 1
101825 0 1
101825 4 1
102178 12 1
102178 13 1
102178 41 1
1042 0 1.0802005012531328
1042 1 1.0802005012531328
104232 0 1
104232 4 1
104232 12 1
104232 58 1
104232 82 1
104492 20 1
104492 68 1
10493 6 1
10520 0 1
10520 11 1
105227 0 1
105227 6 1
1060 6 1
1060 23 1
106137 0 1
106137 12 1
10639 0 1.0200501253132832
10639 1 1.0200501253132832
106452 0 1
106452 1 1
10733 0 1.0300751879699248
10733 1 1.0200501253132832
10733 6 1.0100250626566416
10733 9 1.0100250626566416
108753 0 1
108753 6 1
109099 6 1
109099 37 1
109099 68 1
109103 6 1
109103 13 1
10998 0 1.0200501253132832
10998 1 1.0200501253132832
110485 20 1
110485 52 1
11105 0 1.0401002506265664
11105 1 1.0200501253132832
1121 0 1.0200501253132832
1121 1 1.0200501253132832
11241 0 1.050125313283208
11241 1 1.0200501253132832
11241 19 1.0200501253132832
112471 6 1
112840 0 1.0401002506265664
112840 1 1.0300751879699248
112840 6 1.0100250626566416
112840 12 1
112840 20 1
112840 58 1
11297 0 1.0200501253132832
11297 1 1.0200501253132832
11297 6 1
11297 20 1
11297 41 1
11297 75 1
11297 86 1
115 0 1.380952380952381
115 1 1.3508771929824561
115 3 1
115 10 1
115 13 1.0100250626566416
115 24 1
115 31 1
115 35 1
115 40 1
115166 0 1
11533 0 1
116 0 1.0601503759398496
116 1 1.050125313283208
116 25 1
116 37 1
116 86 1
11610 0 1.050125313283208
11610 1 1.050125313283208
11610 6 1.0200501253132832
11610 15 1
11610 20 1
116161 0 1
116161 12 1
116161 22 1
116161 69 1
1174 0 1.0802005012531328
1174 1 1.0802005012531328
11791 0 1.200501253132832
11791 1 1.200501253132832
118 0 1.0200501253132832
118 1 1.0200501253132832
1186 6 1
1186 13 1
11890 6 1
11890 12 1
11890 58 1
119060 6 1
119060 67 1
119060 77 1
119271 0 1.0200501253132832
119271 1 1.0200501253132832
119461 0 1
119461 58 1
119461 63 1
119675 4 1
119675 12 1
119675 20 1.0100250626566416
119675 43 1
120 0 1.0401002506265664
120 1 1
120 57 1.0100250626566416
120988 6 1
120988 9 1
121023 0 1.1203007518796992
121023 1 1.0802005012531328
121023 6 1.100250626566416
121023 7 1
121023 8 1
121023 12 1
121023 25 1.0200501253132832
121023 37 1.0100250626566416
121023 41 1.0200501253132832
121023 43 1
121023 58 1.0100250626566416
121023 68 1
121023 69 1
121023 75 1.0100250626566416
121023 81 1
121023 82 1
121949 1 1
121949 20 1
121968 0 1.050125313283208
121968 1 1.050125313283208
122324 0 1.0200501253132832
122324 1 1.0200501253132832
12285 0 1.0701754385964912
12285 1 1.0300751879699248
12285 13 1.0200501253132832
12285 15 1.0200501253132832
12285 18 1
12285 20 1.0200501253132832
12285 24 1
12285 41 1
12285 43 1
12285 46 1
12285 67 1
12285 68 1.0100250626566416
12285 74 1
12285 77 1
12285 81 1
123843 0 1
123843 6 1
123918 0 1.0200501253132832
123918 1 1.0200501253132832
124002 0 1
124002 20 1
12418 0 1.0300751879699248
12418 1 1.0200501253132832
12493 6 1
12493 13 1
12493 24 1
12493 62 1
12493 65 1
12544 13 1
12544 14 1
12544 24 1
125714 0 1
125714 12 1
125714 69 1
1267 0 1.0300751879699248
1267 1 1.0200501253132832
1267 4 1
1267 12 1
128 0 1.0100250626566416
128 12 1.0100250626566416
128 46 1
128 70 1
128719 0 1
13 0 3.736842105263158
13 1 3.556390977443609
13 4 1
13 5 1
13 13 1.0100250626566416
13 14 1.0100250626566416
13 20 1
13 24 1.0100250626566416
13 26 1
13 27 1
13 30 1
13 32 1
13 33 1
13 45 1.0100250626566416
13 51 1.0802005012531328
13 56 1
13 64 1
131037 0 1
131037 89 1
131037 90 1
13125 0 1.1604010025062657
13125 1 1.1102756892230576
13125 14 1
13125 19 1.0100250626566416
13125 32 1
13125 71 1
132 0 1
13247 0 1.0701754385964912
13247 1 1.0200501253132832
13247 4 1
13247 6 1
13247 20 1.0100250626566416
13247 49 1
13280 0 1.0200501253132832
13280 1 1.0200501253132832
133 0 1
1337 6 1
13414 0 1.1804511278195489
13414 1 1.1704260651629073
13414 7 1
13414 13 1
13414 15 1
13414 64 1
1342 6 1
1342 85 1
1346 0 2.533834586466165
1346 1 2.5137844611528823
1346 13 1.0401002506265664
1346 14 1.050125313283208
1346 24 1.0200501253132832
1346 38 1.0100250626566416
1346 48 1
1346 64 1.0100250626566416
1346 70 1
13490 1 1
13490 20 1
13490 35 1
135441 0 1.0300751879699248
135441 1 1
135441 8 1
135441 12 1.0100250626566416
135441 25 1
135441 37 1
135441 41 1
135441 46 1.0100250626566416
135441 60 1
135441 68 1
135672 0 1
135704 0 1
135704 22 1
136995 6 1
136995 7 1
136995 13 1
136995 15 1
136995 93 1
138476 0 1.0200501253132832
138476 1 1.0200501253132832
139 0 1.0200501253132832
139 1 1.0200501253132832
14 0 1.050125313283208
14 1 1.050125313283208
1407 0 1.1102756892230576
1407 1 1.1102756892230576
1423 0 1
1423 1 1
1423 11 1
1423 12 1
142445 0 1
142865 0 1
142865 1 1
14322 0 1.050125313283208
14322 1 1.050125313283208
143445 0 1.0200501253132832
143445 1 1.0200501253132832
143535 0 1.0200501253132832
143535 1 1.0200501253132832
144 0 1.0401002506265664
144 1 1.0300751879699248
144 24 1
144 38 1
1451 0 1.050125313283208
1451 1 1.050125313283208
1453 0 1.100250626566416
1453 1 1.0902255639097744
1453 4 1
1453 6 1.0100250626566416
1453 12 1
145449 0 1
145449 37 1
145472 0 1
145472 4 1
14601 6 1
14601 7 1
14601 9 1
14601 46 1
1475 0 1.0200501253132832
1475 1 1.0401002506265664
1475 6 1
1475 14 1
1475 20 1
149206 6 1
149206 13 1
149206 14 1
14938 0 1.0200501253132832
14938 1 1.0200501253132832
15 0 1.2305764411027569
15 1 1.200501253132832
15 8 1
15 13 1.0300751879699248
15 14 1.0401002506265664
15 24 1.0300751879699248
150 0 1.3208020050125313
150 1 1.2907268170426065
150 4 1
150 5 1.0100250626566416
150 16 1
150109 1 1
150109 6 1
150109 20 1
150109 82 1
15027 6 1
15048 0 1
15048 4 1
150754 6 1
150754 52 1
150754 70 1
151730 0 1.0200501253132832
151730 1 1.0200501253132832
15184 0 1.0100250626566416
15184 1 1.0100250626566416
15184 92 1
1521 0 1.631578947368421
1521 1 1.6215538847117794
1521 42 1
1526 0 1.0200501253132832
1526 1 1.0200501253132832
152723 0 1
152723 1 1
152723 6 1.0200501253132832
152723 7 1
152723 41 1
152723 66 1
152792 0 1.0100250626566416
152792 4 1
153510 0 1.0401002506265664
153510 1 1.0200501253132832
153510 4 1.0100250626566416
153510 6 1
1546 0 1.0200501253132832
1546 1 1.0200501253132832
154794 0 1.0802005012531328
154794 1 1.0802005012531328
154794 4 1
154794 13 1
154794 20 1.0100250626566416
154794 22 1
154794 24 1
154794 64 1
154794 82 1
155 0 1.0401002506265664
155 1 1.0200501253132832
155 4 1.0100250626566416
15549 0 1
15565 0 1
15589 20 1
15589 74 1
156681 0 1
156681 20 1
156885 0 1.0200501253132832
156885 1 1.0200501253132832
157165 0 1.0200501253132832
157165 1 1.0200501253132832
157838 20 1
158 0 1.050125313283208
158 1 1.050125313283208
15819 0 1
15819 1 1.0100250626566416
15819 6 1
15819 14 1
158700 0 1
158700 4 1
158700 58 1
158700 82 1
160494 0 1.0200501253132832
160494 1 1.0200501253132832
16258 20 1
16258 75 1
16258 84 1
1629 0 1.1102756892230576
1629 1 1.0802005012531328
1629 9 1
1629 13 1
1629 14 1
1629 20 1
1629 37 1
1629 60 1
1629 73 1
1629 82 1
1629 83 1
162909 0 1.0200501253132832
162909 1 1
162909 4 1
162909 6 1.0401002506265664
162909 7 1.0100250626566416
162909 12 1
162909 24 1
162909 37 1
162909 41 1
162909 46 1
162909 59 1
162909 68 1
162909 69 1
16302 0 1
16302 12 1
1634 0 1.0200501253132832
1634 1 1.0200501253132832
164512 0 1
16463 0 1.0200501253132832
16463 6 1
1649 6 1
16529 0 1.0200501253132832
16529 1 1.0200501253132832
16529 6 1
166523 0 1.0200501253132832
166523 1 1.0200501253132832
1672 0 1.0200501253132832
1672 1 1.0200501253132832
1674 13 1
1674 24 1
1674 40 1
168832 0 1.4411027568922306
168832 1 1.380952380952381
168832 6 1.0100250626566416
168832 13 1
168832 18 1
168832 19 1
168832 24 1
168832 73 1
1695 0 1.0601503759398496
1695 1 1.050125313283208
17 0 1.4611528822055138
17 1 1.4210526315789473
17 5 1
17 18 1
17 19 1
1700 0 1.0200501253132832
1700 1 1.0200501253132832
17128 0 1.050125313283208
17128 1 1.050125313283208
171366 0 1
171366 1 1
17156 0 1
17358 0 1.0802005012531328
17358 1 1.0802005012531328
174099 0 1.0200501253132832
174099 1 1.0200501253132832
174984 0 1
174984 7 1
174984 68 1
17580 0 1
17580 69 1
175990 0 1
175990 71 1
178121 0 1.0200501253132832
178121 1 1.0200501253132832
17832 0 1
17832 22 1
17832 71 1
178418 0 1.050125313283208
178418 1 1.0200501253132832
178418 12 1
178418 37 1
178418 58 1
178418 86 1
178418 91 1
180636 0 1.0300751879699248
180636 1 1.0200501253132832
180636 20 1
180636 70 1
181 0 1.050125313283208
181 1 1.050125313283208
181 6 1.0100250626566416
181 73 1
181 75 1
181868 0 1.0200501253132832
181868 68 1
181868 95 1
181868 96 1
183458 6 1
183458 41 1
18387 0 1.0701754385964912
18387 1 1.0200501253132832
18387 4 1
18387 23 1
18387 41 1
18387 46 1.0100250626566416
18387 69 1
184907 0 1
184907 12 1
184917 0 1
184917 6 1
184917 37 1
18575 0 1.0200501253132832
18575 9 1
18575 13 1
18575 20 1
18575 48 1
18575 65 1
1860 0 1.0200501253132832
1860 1 1.0200501253132832
1876 0 1.0200501253132832
1876 1 1.0200501253132832
1876 13 1
1876 14 1
1876 24 1
18917 0 1.1102756892230576
18917 1 1.0802005012531328
18917 20 1
18917 73 1
19 0 1.050125313283208
19 1 1.050125313283208
191144 0 1
191144 46 1
191432 0 1.100250626566416
191432 1 1.0601503759398496
191432 4 1.0100250626566416
191432 8 1
191432 42 1
1916 0 1.0200501253132832
1916 1 1.0200501253132832
1916 6 1
1916 15 1
1922 0 1
1922 10 1
1922 12 1
192780 0 1
193271 0 1.0200501253132832
193271 7 1
193271 9 1
193271 68 1
193271 69 1
1941 0 1
1941 12 1
19440 0 1.0200501253132832
19440 1 1.0200501253132832
1948 0 1.0200501253132832
1948 1 1.0200501253132832
19526 6 1
19526 68 1
19602 0 1.0200501253132832
19602 1 1.0200501253132832
1964 0 1.0200501253132832
1964 1 1.0200501253132832
1976 0 1.0300751879699248
1976 1 1.0200501253132832
1976 7 1
1976 13 1.0100250626566416
1976 14 1
1976 15 1
1976 37 1
198208 6 1
19937 0 1
19937 6 1
19937 29 1
19937 82 1
2 0 1.1102756892230576
2 1 1.1102756892230576
20245 0 1
20245 13 1
20245 14 1
20245 24 1
20319 0 1.0200501253132832
20319 1 1.0200501253132832
20338 0 1.0100250626566416
20338 4 1
20338 58 1
205028 0 1.0200501253132832
205028 1 1.0200501253132832
2052 0 1.0200501253132832
2052 1 1.0200501253132832
205310 6 1.0100250626566416
205397 0 1
205397 34 1
2087 0 1.0200501253132832
2087 1 1.0200501253132832
21050 13 1
210769 0 1.0200501253132832
210769 1 1.0200501253132832
212 0 1.681704260651629
212 1 1.6516290726817042
212 4 1
212 8 1
212 16 1
212 25 1
212 57 1
212 58 1
212 59 1
21351 0 1.0100250626566416
21351 1 1.0100250626566416
21499 0 1
2153 0 1
2160 0 1.0601503759398496
2160 1 1.050125313283208
2160 24 1
216982 0 1
216982 12 1
21703 0 1.0200501253132832
21703 1 1.0200501253132832
21703 20 1
217088 0 1
217210 0 1
217210 37 1
217210 68 1
217608 0 1
21790 0 1
21790 2 1
21790 6 1
21790 20 1
21790 46 1
21856 0 1.0200501253132832
21856 1 1.0200501253132832
219 0 1.2706766917293233
219 1 1.2606516290726817
219 12 1
219 19 1
219 20 1.0100250626566416
219 63 1
219 78 1
219 84 1
219 100 1
219119 0 1
219119 46 1
219328 6 1
219328 68 1
21950 0 1
21985 0 1.0200501253132832
21985 1 1.0200501253132832
2200 0 1.0200501253132832
2200 1 1.0200501253132832
22003 0 1.100250626566416
22003 1 1.0802005012531328
22003 6 1.0100250626566416
22003 13 1
22003 20 1
22003 43 1
22003 61 1
22003 87 1
2201 0 1.0200501253132832
2201 1 1.0200501253132832
2202 0 1
22061 0 1.050125313283208
22061 1 1.050125313283208
220880 0 1.0100250626566416
220880 37 1
220880 68 1
2220 0 2.4235588972431077
2220 1 2.3734335839598995
2220 2 1
2220 5 1.0100250626566416
2220 6 1
2220 7 1
2220 13 1.0200501253132832
2220 14 1.0200501253132832
2220 19 1
2220 20 1.0300751879699248
2220 24 1.0200501253132832
2220 33 1
2220 34 1
2220 36 1
2220 40 1
2220 41 1.0100250626566416
2220 43 1
2220 44 1
2220 64 1.0200501253132832
2220 80 1
223329 0 1.0200501253132832
223329 1 1.0200501253132832
223717 0 1
223717 6 1
223717 12 1
223717 69 1
2248 13 1.0100250626566416
2248 14 1
2248 24 1.0100250626566416
2248 35 1
2248 37 1
2253 0 1
2253 71 1
22563 0 1
22606 0 1
22606 54 1
22781 6 1
22781 27 1
22781 52 1
22824 0 1
22824 6 1
2285 0 1.0200501253132832
2285 1 1.0200501253132832
22953 0 1.0200501253132832
22953 1 1.0200501253132832
22953 6 1.0100250626566416
22953 13 1
22953 35 1
22958 0 1
22958 19 1
229713 6 1
229713 12 1
229713 56 1
2313 0 1.0601503759398496
2313 1 1.0300751879699248
2313 6 1
2313 59 1
2313 86 1
2313 88 1
2334 0 1
2334 1 1
23343 6 1
234 0 1
23490 0 1
23490 37 1
235 13 1
235 14 1
235 24 1
235 46 1
23518 1 1
23518 20 1
23545 13 1
23545 24 1
23545 39 1
23545 43 1
23545 61 1
23688 0 1.0200501253132832
23688 1 1.0200501253132832
237 0 2.463659147869674
237 1 2.3734335839598995
237 4 1
237 6 1.0200501253132832
237 13 1.0100250626566416
237 14 1
237 15 1
237 20 1
237 39 1
237 41 1
237 58 1
237 82 1
237 91 1.0100250626566416
237 92 1
237754 6 1
237754 12 1
238347 0 1.0200501253132832
238347 1 1.0200501253132832
23852 0 1
239495 6 1
239495 49 1
24 0 1.0100250626566416
24 2 1
24 3 1
24 6 1
24 7 1
24 8 1
24 9 1
24129 0 1.0200501253132832
24129 1 1.0200501253132832
24130 0 1.0300751879699248
24130 1 1.0200501253132832
24130 13 1
24130 24 1
24130 37 1
24154 0 1.2305764411027569
24154 1 1.2305764411027569
24285 0 1
24285 13 1
24285 31 1
24285 39 1
24285 40 1
24285 80 1
24322 0 1
24322 6 1
24322 12 1
24322 65 1
24324 0 1
24324 37 1
2446 6 1
24492 0 1
24492 41 1
24634 0 1
24634 24 1
2467 0 1
2467 6 1
2467 56 1
2467 65 1
246958 0 1
246958 68 1
2491 13 1
2491 14 1
2491 24 1
24974 0 1
24974 8 1
24974 25 1
25135 0 1
25135 1 1
25135 70 1
251859 9 1
251859 20 1
251859 41 1
2537 0 1.050125313283208
2537 1 1.050125313283208
25565 0 1
25680 20 1
25690 0 1.050125313283208
25690 1 1.050125313283208
2587 0 1
26 0 1.5714285714285714
26 1 1.5012531328320802
26 2 1
26 3 1.0200501253132832
26 5 1
26 6 1.0200501253132832
26 7 1.0100250626566416
26 11 1
26 16 1
26 17 1
26 20 1
26 22 1
26 23 1
26 25 1
26 29 1
2643 6 1
2643 13 1
2643 14 1
2643 24 1
2643 75 1
26522 0 1.0100250626566416
26533 0 1
26533 6 1
26533 20 1
26566 0 1
2716 2 1
2716 6 1
27581 0 1.0200501253132832
27581 1 1
27581 62 1
27759 0 1
27759 1 1
28046 0 1.0200501253132832
28046 1 1.0200501253132832
2812 0 1.0200501253132832
2812 1 1.0401002506265664
2812 6 1.0100250626566416
2812 13 1.1102756892230576
2812 14 1.0802005012531328
2812 15 1
2812 24 1.0802005012531328
2812 36 1
2812 39 1
2812 40 1
2833 0 1
2833 13 1
2833 14 1
2833 24 1
28424 0 1
28424 12 1
28424 46 1
28424 70 1
28900 0 1.0200501253132832
28900 1 1.0200501253132832
28919 0 1
28919 9 1
28919 48 1
290 0 1
292 0 2.6541353383458643
292 1 2.644110275689223
292 6 1.0100250626566416
292 13 1.0100250626566416
292 14 1
292 20 1
292 24 1.0200501253132832
292 28 1
292 76 1
3 0 1.2606516290726817
3 1 1.2305764411027569
3 4 1
3 8 1
3040 6 1
3040 26 1
3040 48 1
3040 49 1
30652 0 1.0200501253132832
30652 1 1.0200501253132832
30921 0 1.0200501253132832
30921 1 1.0200501253132832
31160 0 1
3117 0 1.050125313283208
3117 1 1.050125313283208
3117 6 1
3117 19 1
31241 0 1
31241 6 1
3152 0 1.0200501253132832
3152 1 1.0200501253132832
31683 0 1.0100250626566416
31683 4 1
31683 6 1
31683 13 1
31683 40 1
3190 0 1
3190 22 1
3190 33 1
3209 0 1.0200501253132832
3209 1 1.0200501253132832
3222 0 2.0325814536340854
3222 1 2.0125313283208017
3222 13 1.0100250626566416
3222 14 1
3222 24 1.0100250626566416
3222 42 1.0100250626566416
3227 6 1
3227 13 1
3227 14 1
3231 13 1
3231 14 1
3231 24 1
32815 0 1.0200501253132832
32815 1 1.0200501253132832
32891 14 1
32891 20 1
3296 0 1
3297 6 1
33075 0 1.0200501253132832
33075 1 1.0200501253132832
33075 6 1.0100250626566416
33075 20 1
33075 81 1
33140 0 1.0200501253132832
33140 1 1.0200501253132832
33273 0 1.0200501253132832
33273 1 1.0200501253132832
3349 0 1.050125313283208
3349 1 1.050125313283208
3352 0 1.050125313283208
3352 1 1.050125313283208
34189 6 1
34561 0 1.3508771929824561
34561 1 1.3208020050125313
34561 6 1.0300751879699248
34561 7 1
34561 13 1.050125313283208
34561 14 1.0100250626566416
34561 15 1
34561 18 1
34561 20 1.0401002506265664
34561 24 1.0300751879699248
34561 35 1
34561 37 1
34561 41 1
34561 46 1
34561 48 1.0100250626566416
34561 70 1
34561 73 1.0300751879699248
34561 82 1
35 0 1.280701754385965
35 1 1.2706766917293233
35 11 1
35 12 1.0100250626566416
35 17 1
351 0 1.3609022556390977
351 1 1.3408521303258145
351 8 1
351 13 1
351 14 1
351 24 1
351 28 1
35244 0 1.100250626566416
35244 6 1
35244 64 1
35562 0 1.0100250626566416
35562 15 1
3579 20 1
35950 0 1
35950 7 1
3598 0 1.2305764411027569
3598 1 1.2305764411027569
3598 6 1.0601503759398496
3598 12 1.0200501253132832
3598 13 1.0200501253132832
3598 14 1.0401002506265664
3598 20 1.0100250626566416
3598 23 1
3598 24 1.0200501253132832
3598 27 1
3598 37 1
3598 41 1
3598 46 1
3598 52 1
3598 53 1
3598 65 1
3598 67 1
370 13 1
370 14 1
37413 0 1
37413 34 1
37413 69 1
3746 0 1.0200501253132832
3746 1 1.0200501253132832
37797 0 4.669172932330827
37797 1 4.619047619047619
37797 6 1.1403508771929824
37797 7 1
37797 9 1
37797 12 1.0300751879699248
37797 13 1.0701754385964912
37797 14 1.0401002506265664
37797 15 1.0100250626566416
37797 18 1
37797 20 1
37797 21 1
37797 24 1.0200501253132832
37797 27 1.0100250626566416
37797 29 1
37797 37 1.0200501253132832
37797 41 1.0200501253132832
37797 43 1.0100250626566416
37797 44 1
37797 46 1.0200501253132832
37797 49 1
37797 58 1.0100250626566416
37797 59 1
37797 61 1
37797 66 1
37797 68 1.0100250626566416
37797 69 1
37797 75 1.0100250626566416
37797 82 1
37797 98 1
37797 99 1
3791 6 1
3791 19 1
37954 6 1
37954 7 1
37954 52 1
3810 1 1
3810 20 1
38114 0 1
38114 20 1
38114 24 1
38177 12 1.0200501253132832
38177 13 1.0401002506265664
38177 46 1
38177 55 1.0100250626566416
38177 61 1
38177 69 1.0200501253132832
38177 71 1
38539 0 1
38539 68 1
38539 73 1
387 13 1.0200501253132832
387 14 1
387 20 1
387 24 1.0200501253132832
3961 13 1
3961 14 1
3961 24 1
3994 13 1
3994 24 1
4 0 1
40 0 1
40 12 1
40 41 1
4017 0 1.0300751879699248
4017 6 1.0100250626566416
4017 41 1
4017 75 1
40457 0 1.0401002506265664
40457 1 1.0200501253132832
40457 6 1.0100250626566416
40457 46 1
40511 6 1
40544 0 1
40544 37 1
40544 46 1
41 0 1
41 1 1
41011 0 1.0200501253132832
41011 1 1.0200501253132832
41166 0 1
41166 4 1
41450 13 1
41450 15 1
41450 81 1
4160 0 1.100250626566416
4160 1 1.100250626566416
4160 6 1
4160 64 1
41631 0 1.0200501253132832
41631 1 1.0200501253132832
4178 0 1
4178 6 1
4178 37 1
420 0 1.0200501253132832
420 1 1.0200501253132832
420 13 1
420 14 1
420 24 1
43 0 1.1704260651629073
43 1 1.1704260651629073
43002 0 1.0200501253132832
43002 1 1.0200501253132832
43087 0 1.0200501253132832
43087 1 1.0200501253132832
4395 0 1.0200501253132832
4395 6 1.0100250626566416
4395 12 1
4395 65 1
4395 70 1
4408 0 1.050125313283208
4408 1 1.050125313283208
4408 13 1
4408 15 1
4408 19 1
4413 6 1
4413 15 1
4413 65 1
4416 0 1.0200501253132832
4416 1 1.0200501253132832
44427 0 1.0300751879699248
44427 1 1.0200501253132832
44427 13 1.0100250626566416
44427 20 1
44427 24 1.0100250626566416
44427 49 1
44427 61 1
44513 0 1
4457 20 1
4457 24 1
4535 0 1
4535 1 1
45485 6 1
45485 13 1
45688 0 1
45688 2 1
45688 76 1
45769 6 1
45769 56 1
4579 0 1
4579 14 1
4579 65 1
4579 72 1
4604 0 1.1604010025062657
4604 1 1.1403508771929824
4604 42 1.0100250626566416
4645 0 1
46541 0 1.2105263157894737
46541 1 1.0802005012531328
46541 6 1.0701754385964912
46541 7 1
46541 8 1.0100250626566416
46541 9 1.0300751879699248
46541 25 1.0100250626566416
46541 37 1.0200501253132832
46541 46 1
46541 52 1
46541 58 1
46541 65 1.0100250626566416
46541 68 1.0100250626566416
46541 70 1
46541 73 1
46541 75 1
46541 77 1
46541 85 1
46541 86 1
46950 20 1
46950 62 1
46952 0 1
46952 4 1
46952 12 1
4729 0 1.0200501253132832
4729 1 1.0200501253132832
481 0 1.0300751879699248
481 1 1.0200501253132832
481 6 1
48483 0 1
48483 13 1
48483 15 1
48483 68 1
48539 6 1
4885 0 1.0200501253132832
4885 1 1.0200501253132832
49139 0 1
49189 0 1.0300751879699248
49189 4 1.0100250626566416
49189 12 1
49189 13 1
49189 20 1
49189 37 1.0100250626566416
49348 20 1
49393 0 1.0802005012531328
49393 1 1.0802005012531328
4941 0 1
4966 0 1
4966 34 1
49880 0 1
5 0 1.050125313283208
5 1 1.050125313283208
50295 0 1.0300751879699248
50295 58 1
5077 0 1
5077 56 1
512 0 1.050125313283208
512 1 1.050125313283208
5123 0 1.0200501253132832
5123 1 1.0200501253132832
517 0 1.0200501253132832
517 1 1.0200501253132832
51900 4 1
51900 6 1.0100250626566416
51900 12 1
51900 29 1
52123 0 1.0401002506265664
52123 1 1.0200501253132832
52123 42 1.0100250626566416
52871 13 1
52871 15 1
52901 0 1
52901 1 1
53079 0 1.050125313283208
53079 1 1.050125313283208
531 0 1.0802005012531328
531 1 1.0802005012531328
53239 13 1
53239 46 1
53239 93 1
53502 0 1
53502 12 1
54484 0 1
54484 37 1
54644 0 1.0200501253132832
54644 4 1
54644 6 1.0200501253132832
54644 11 1
54644 69 1
5472 0 10.784461152882205
5472 1 10.303258145363408
5472 4 1.0401002506265664
5472 6 1.0601503759398496
5472 13 1.100250626566416
5472 14 1.0601503759398496
5472 15 1
5472 18 1
5472 19 1.0100250626566416
5472 20 1.0601503759398496
5472 23 1
5472 24 1
5472 28 1.1102756892230576
5472 30 1
5472 33 1
5472 37 1.0200501253132832
5472 41 1
5472 56 1
5472 58 1.0601503759398496
5472 60 1
5472 61 1.0100250626566416
5472 63 1.0100250626566416
5472 64 1
5472 69 1
5472 72 1.0100250626566416
5472 73 1
5472 82 1.0701754385964912
5472 86 1
5472 91 1.0100250626566416
54758 0 1
55000 6 1
55000 43 1
55028 0 1
55028 90 1
55120 13 1
55120 14 1
55120 20 1
5579 0 1.0200501253132832
5579 1 1.0200501253132832
5646 0 1
573 0 1.0802005012531328
573 1 1.0802005012531328
5782 6 1
5799 0 1
58 0 1.4411027568922306
58 1 1.4210526315789473
58 7 1
58 12 1
58 19 1
58 41 1
58138 13 1
58138 15 1
58740 6 1
58740 52 1
58740 53 1
58743 0 1.050125313283208
58743 1 1.050125313283208
59 0 1
59 10 1
59012 0 1
5916 0 1.0300751879699248
5916 6 1
598 0 1.0200501253132832
598 1 1.0200501253132832
59869 0 1.0200501253132832
59869 1 1.0200501253132832
6 0 2.333333333333333
6 1 2.2832080200501252
6 24 1.050125313283208
60395 0 1.0200501253132832
60395 1 1.0200501253132832
611 0 1.0300751879699248
611 1 1.0200501253132832
611 6 1
611 9 1
611 13 1
611 14 1
611 15 1
611 24 1
611 38 1
611 41 1
611 75 1
611 82 1
6126 6 1
6126 65 1
6150 1 1
6150 6 1
6171 0 1
62132 0 1.0100250626566416
62132 6 1.0100250626566416
62132 7 1
62132 20 1.0200501253132832
62132 43 1
62132 68 1
6255 0 1.050125313283208
6255 1 1.050125313283208
6255 20 1
6255 41 1
6255 55 1
63444 0 1
6376 0 1.0200501253132832
6376 1 1.0200501253132832
638 0 1.0902255639097744
638 1 1.0802005012531328
638 13 1
638 14 1
638 15 1
638 19 1.0100250626566416
638 20 1
6408 0 1.0200501253132832
6408 1 1.0200501253132832
6408 6 1
6408 69 1
642 0 1
642 54 1
6439 0 1
6439 4 1
6439 12 1
6439 69 1
64429 0 1.0200501253132832
64429 1 1.0200501253132832
64714 0 1.0300751879699248
64714 1 1.0200501253132832
650 0 1.050125313283208
650 1 1.050125313283208
6509 0 1.0200501253132832
6509 1 1.0200501253132832
65379 0 1
65379 59 1
65379 65 1
654 0 1.0200501253132832
654 1 1.0200501253132832
65467 0 1.0200501253132832
65467 1 1.0300751879699248
65467 6 1
65467 41 1
65467 69 1
658 0 1.0200501253132832
658 1 1.0200501253132832
65841 0 1
65841 6 1
65841 69 1
67206 0 1
67206 6 1
67260 0 1.0200501253132832
67260 1 1.0200501253132832
67260 6 1.0100250626566416
67260 12 1
67260 37 1
67260 84 1
67264 0 1
67264 4 1
6730 6 1.0200501253132832
6730 9 1
6730 19 1
6730 58 1
67324 0 1.0200501253132832
67324 1 1.0200501253132832
67990 0 1
6825 6 1
6825 7 1
6825 14 1
6825 52 1
6838 0 1
6838 8 1
6838 82 1
6859 0 1.0200501253132832
6859 1 1.0200501253132832
6859 4 1
6859 6 1
6859 12 1
6859 30 1
6893 0 1.0200501253132832
6893 1 1.0200501253132832
6893 13 1
6893 40 1
6899 6 1
6899 14 1
691 0 1.0601503759398496
691 1 1.0401002506265664
691 31 1
691 37 1
69571 0 1
698 0 1.0401002506265664
698 1 1.0200501253132832
698 4 1
698 23 1
7 0 1.1203007518796992
7 1 1.1102756892230576
7 19 1
7 47 1
7001 0 1
7001 68 1
703 0 1
703 12 1
70691 0 1
70691 4 1
70691 6 1
70930 0 1.1303258145363408
70930 1 1.0802005012531328
70930 6 1.0401002506265664
70930 7 1
70930 9 1
70930 12 1
70930 20 1.0100250626566416
70930 37 1
70930 48 1
70930 56 1
70930 58 1
70930 65 1
70930 73 1
70930 87 1
711 0 1.0200501253132832
711 1 1.0200501253132832
71375 6 1
7166 0 1.0300751879699248
7166 1 1.0200501253132832
7166 41 1
71997 0 1.0300751879699248
71997 1 1.0300751879699248
71997 20 1
71997 75 1
72 6 1
72 13 1
72 14 1
72357 0 1.0200501253132832
72357 1 1.0300751879699248
72357 20 1
73 0 1
73 4 1
732 13 1
732 14 1
732 24 1
7340 0 1.050125313283208
7340 1 1.050125313283208
7345 0 1
7345 29 1
7451 0 1
7451 20 1
74559 6 1
74559 58 1
74559 63 1
74583 0 1.0200501253132832
74583 1 1.0200501253132832
75790 0 1
75790 4 1
75790 28 1
76213 0 1.0200501253132832
76213 1 1.0200501253132832
76402 0 1
76788 0 1
769 0 1
769 4 1
7690 0 1.0200501253132832
7690 1 1.0200501253132832
77 0 1.0200501253132832
77 1 1.0200501253132832
7749 0 1.1604010025062657
7749 1 1.050125313283208
7749 2 1
7749 14 1
7749 19 1.0701754385964912
7749 32 1
7749 50 1
7749 57 1
7749 63 1
7795 6 1
7795 15 1
7795 19 1
7795 24 1
7833 0 1.5213032581453634
7833 1 1.4010025062656641
7833 6 1.0902255639097744
7833 7 1
7833 9 1
7833 12 1
7833 13 1
7833 14 1
7833 15 1
7833 18 1.0100250626566416
7833 20 1.0601503759398496
7833 23 1
7833 24 1
7833 37 1
7833 39 1
7833 41 1.0100250626566416
7833 49 1
7833 58 1
7833 62 1
7833 65 1
7833 66 1
7833 73 1
7833 83 1
78586 0 1
78586 4 1
78586 12 1
78980 0 1.0300751879699248
78980 1 1.0200501253132832
78980 7 1
78980 20 1
78980 24 1
796 0 1.150375939849624
796 1 1.1403508771929824
7961 0 1.0200501253132832
7961 1 1.0200501253132832
80177 0 1
80177 80 1
81404 0 1.0100250626566416
81404 4 1
81404 12 1
81404 41 1
8174 0 1.0200501253132832
8174 1 1.0200501253132832
8318 0 1.050125313283208
8318 1 1.050125313283208
8318 6 1
8318 13 1
8318 14 1
8318 20 1.0200501253132832
8318 24 1.0100250626566416
8318 41 1.0100250626566416
8318 61 1
8318 66 1
8318 76 1
8318 79 1
832 13 1
832 14 1
832 18 1
832 20 1
8320 0 1.0300751879699248
8320 1 1.0300751879699248
8320 7 1
83288 0 1
8380 0 1.0200501253132832
8380 1 1.0200501253132832
8394 0 1.0200501253132832
8394 1 1.0200501253132832
83961 8 1
83961 20 1
83961 42 1
83961 49 1
84112 0 1
84680 6 1
84680 12 1
85243 0 1
85275 0 1.832080200501253
85275 1 1.5714285714285714
85275 6 1.0200501253132832
85275 12 1
85275 13 1.0200501253132832
85275 20 1.0100250626566416
85275 37 1.0200501253132832
85275 39 1
85275 41 1.0200501253132832
85275 43 1
85275 58 1.0100250626566416
85275 63 1
85275 73 1
85275 82 1.0100250626566416
85275 86 1
85275 88 1.0100250626566416
85275 89 1
85275 90 1.0200501253132832
85275 91 1.0200501253132832
85275 94 1
85458 0 1.0100250626566416
85458 4 1
85458 12 1
85458 22 1
85458 88 1
8546 0 1.8421052631578947
8546 1 1.8120300751879699
8546 6 1
8546 13 1.0100250626566416
8546 14 1
8546 15 1.0100250626566416
8546 20 1.0100250626566416
8546 24 1.0200501253132832
85884 7 1
85884 20 1.0100250626566416
85884 37 1
85884 46 1
85884 68 1
85884 94 1
85940 0 1
85940 6 1
85940 37 1.0100250626566416
86312 0 1
86317 0 1
8690 0 1.0100250626566416
8690 6 1
8690 24 1
8690 75 1
870 0 1.0200501253132832
870 1 1.0200501253132832
87265 0 1
87265 9 1
87265 12 1
8823 0 1.0100250626566416
8823 1 1
88313 0 1.1704260651629073
88313 1 1.1403508771929824
88313 6 1.0200501253132832
88313 37 1.0200501253132832
88313 75 1
88313 82 1
88313 97 1
884 0 1.1904761904761905
884 1 1.1704260651629073
884 42 1.0100250626566416
89 0 1.0802005012531328
89 1 1.0802005012531328
8926 0 1
8994 0 1.330827067669173
8994 1 1.2606516290726817
8994 42 1
8994 47 1.050125313283208
8998 0 1
8998 1 1
90 0 1.2105263157894737
90 1 1.200501253132832
90 6 1
90 9 1
90 13 1.0100250626566416
90 14 1.0401002506265664
90 24 1.0100250626566416
9001 0 1.0601503759398496
9001 1 1.050125313283208
9001 4 1
90218 0 1
90218 4 1
9022 0 1.0200501253132832
9022 1 1.0200501253132832
903 0 1.0200501253132832
903 1 1.0200501253132832
90351 0 1
90351 25 1
90351 68 1
9058 0 4.979949874686717
9058 1 4.959899749373434
9058 12 1
9090 0 1.0200501253132832
9090 1 1.0200501253132832
92222 0 1.0200501253132832
92222 1 1.0200501253132832
9252 0 1
9257 6 1
9257 12 1
9257 20 1
93229 0 1.0100250626566416
93229 13 1
93229 46 1
93229 60 1
93229 63 1
93229 68 1
93229 87 1
9335 7 1
9335 13 1
9335 15 1
9340 0 1.0200501253132832
9340 1 1.0200501253132832
9340 6 1
9340 24 1
93721 1 1
93721 20 1
9388 0 4.348370927318296
9388 1 4.228070175438596
9388 4 1.0100250626566416
9388 6 1.0200501253132832
9388 8 1
9388 9 1
9388 13 1.0200501253132832
9388 14 1
9388 15 1.0300751879699248
9388 19 1.0100250626566416
9388 20 1.0701754385964912
9388 25 1.0100250626566416
9388 27 1
9388 28 1
9388 31 1
9388 44 1
9388 46 1
9388 48 1.0100250626566416
9388 68 1.0100250626566416
9388 69 1
9388 71 1
9428 0 1
9428 77 1
944 0 1.0200501253132832
944 1 1.0200501253132832
9493 0 1.0601503759398496
9493 1 1.050125313283208
9493 6 1
9493 15 1
9493 20 1.0200501253132832
9493 31 1
9493 76 1
9495 0 2.8847117794486214
9495 1 2.824561403508772
9495 6 1
9495 13 1.0401002506265664
9495 14 1.0100250626566416
9495 18 1
9495 19 1.0100250626566416
9495 23 1
9495 24 1.0401002506265664
9495 31 1
9495 61 1.0100250626566416
9495 65 1
952 6 1
952 20 1
952 21 1
95661 0 1.0200501253132832
95661 1 1
95661 6 1
95661 41 1
9611 0 1.0802005012531328
9611 1 1.0802005012531328
96174 6 1
96174 9 1
96174 68 1
962 0 1.1704260651629073
962 1 1.1704260651629073
97 0 1.0200501253132832
97 1 1.0200501253132832
97419 6 1
9765 6 1
9765 65 1
99938 0 1.0300751879699248
99938 1 1.0200501253132832
99938 12 1
99938 82 1